0	-35.19
50000	-35.19
50000	-34.83
100000	-34.83
100000	-35.05
150000	-35.05
150000	-35.45
200000	-35.45
200000	-35.42
250000	-35.42
250000	-35.63
300000	-35.63
300000	-35.80
350000	-35.80
350000	-35.62
400000	-35.62
400000	-35.48
450000	-35.48
450000	-35.36
500000	-35.36
500000	-35.41
550000	-35.41
550000	-35.10
600000	-35.10
600000	-35.27
650000	-35.27
650000	-35.67
700000	-35.67
700000	-35.33
750000	-35.33
750000	-35.38
800000	-35.38
800000	-35.63
850000	-35.63
850000	-35.49
900000	-35.49
900000	-35.30
950000	-35.30
950000	-35.66
1000000	-35.66
1000000	-35.01
1050000	-35.01
1050000	-35.09
1100000	-35.09
1100000	-35.58
1150000	-35.58
1150000	-35.51
1200000	-35.51
1200000	-35.34
1250000	-35.34
1250000	-35.27
1300000	-35.27
1300000	-35.26
1350000	-35.26
1350000	-35.09
1400000	-35.09
1400000	-35.20
1450000	-35.20
1450000	-35.09
1500000	-35.09
1500000	-35.68
1550000	-35.68
1550000	-35.42
1600000 -35.42
1600000	-34.84
1650000	-34.84
1650000	-35.68
1700000	-35.68
1700000	-35.22
1750000	-35.22
1750000	-35.72
1800000	-35.72
1800000	-35.43
1850000	-35.43
1850000	-35.19
1900000	-35.19
1900000	-34.66
1950000	-34.66
1950000	-35.03
2000000	-35.03
2000000	-35.00
2050000	-35.00
2050000	-35.12
2100000	-35.12
2100000	-35.19
2150000	-35.19
2150000	-35.60
2200000	-35.60
2200000	-35.33
2250000	-35.33
2250000	-34.77
2300000	-34.77
2300000	-34.99
2350000	-34.99
2350000	-35.10
2400000	-35.10
2400000	-34.93
2450000	-34.93
2450000	-35.65
2500000	-35.65
2500000	-35.25
2550000	-35.25
2550000	-35.11
2600000	-35.11
2600000	-35.29
2650000	-35.29
2650000	-35.32
2700000	-35.32
2700000	-35.19
2750000	-35.19
2750000	-34.86
2800000	-34.86
2800000	-34.96
2850000	-34.96
2850000	-35.14
2900000	-35.14
2900000	-35.03
2950000	-35.03
2950000	-34.64
3000000	-34.64
3000000	-34.98
3050000	-34.98
3050000	-35.19
3100000	-35.19
3100000	-34.91
3150000	-34.91
3150000	-35.02
3200000	-35.02
3200000	-35.17
3250000	-35.17
3250000	-35.08
3300000	-35.08
3300000	-35.15
3350000	-35.15
3350000	-34.91
3400000	-34.91
3400000	-34.81
3450000	-34.81
3450000	-35.07
3500000	-35.07
3500000	-35.00
3550000	-35.00
3550000	-34.96
3600000	-34.96
3600000	-35.13
3650000	-35.13
3650000	-34.49
3700000	-34.49
3700000	-34.63
3750000	-34.63
3750000	-35.06
3800000	-35.06
3800000	-35.05
3850000	-35.05
3850000	-35.21
3900000	-35.21
3900000	-35.11
3950000	-35.11
3950000	-35.07
4000000	-35.07
4000000	-34.73
4050000	-34.73
4050000	-35.02
4100000	-35.02
4100000	-35.25
4150000	-35.25
4150000	-34.96
4200000	-34.96
4200000	-34.65
4250000	-34.65
4250000	-35.19
4300000	-35.19
4300000	-34.65
4350000	-34.65
4350000	-35.10
4400000	-35.10
4400000	-34.99
4450000	-34.99
4450000	-34.65
4500000	-34.65
4500000	-35.00
4550000	-35.00
4550000	-34.45
4600000	-34.45
4600000	-34.87
4650000	-34.87
4650000	-35.05
4700000	-35.05
4700000	-34.78
4750000	-34.78
4750000	-34.60
4800000	-34.60
4800000	-34.85
4850000	-34.85
4850000	-34.74
4900000	-34.74
4900000	-34.40
4950000	-34.40
4950000	-34.72
5000000	-34.72
5000000	-34.76
5050000	-34.76
5050000	-34.65
5100000	-34.65
5100000	-34.98
5150000	-34.98
5150000	-34.41
5200000	-34.41
5200000	-34.68
5250000	-34.68
5250000	-35.09
5300000	-35.09
5300000	-34.97
5350000	-34.97
5350000	-35.02
5400000	-35.02
5400000	-34.64
5450000	-34.64
5450000	-34.56
5500000	-34.56
5500000	-34.51
5550000	-34.51
5550000	-34.82
5600000	-34.82
5600000	-34.63
5650000	-34.63
5650000	-35.09
5700000	-35.09
5700000	-34.75
5750000	-34.75
5750000	-34.62
5800000	-34.62
5800000	-34.82
5850000	-34.82
5850000	-34.22
5900000	-34.22
5900000	-34.73
5950000	-34.73
5950000	-34.96
6000000	-34.96
6000000	-34.93
6050000	-34.93
6050000	-34.83
6100000	-34.83
6100000	-34.40
6150000	-34.40
6150000	-34.81
6200000	-34.81
6200000	-34.77
6250000	-34.77
6250000	-34.80
6300000	-34.80
6300000	-34.78
6350000	-34.78
6350000	-34.65
6400000	-34.65
6400000	-34.35
6450000	-34.35
6450000	-34.55
6500000	-34.55
6500000	-35.08
6550000	-35.08
6550000	-34.47
6600000	-34.47
6600000	-34.61
6650000	-34.61
6650000	-34.54
6700000	-34.54
6700000	-34.51
6750000	-34.51
6750000	-34.72
6800000	-34.72
6800000	-34.66
6850000	-34.66
6850000	-34.54
6900000	-34.54
6900000	-34.77
6950000	-34.77
6950000	-34.60
7000000	-34.60
7000000	-34.79
7050000	-34.79
7050000	-34.70
7100000	-34.70
7100000	-34.81
7150000	-34.81
7150000	-34.82
7200000	-34.82
7200000	-34.61
7250000	-34.61
7250000	-34.91
7300000	-34.91
7300000	-34.69
7350000	-34.69
7350000	-34.43
7400000	-34.43
7400000	-34.41
7450000	-34.41
7450000	-34.52
7500000	-34.52
7500000	-34.69
7550000	-34.69
7550000	-34.23
7600000	-34.23
7600000	-34.33
7650000	-34.33
7650000	-34.39
7700000	-34.39
7700000	-34.42
7750000	-34.42
7750000	-34.06
7800000	-34.06
7800000	-34.25
7850000	-34.25
7850000	-34.89
7900000	-34.89
7900000	-34.54
7950000	-34.54
7950000	-34.13
8000000	-34.13
8000000	-34.63
8050000	-34.63
8050000	-34.65
8100000	-34.65
8100000	-35.51
8150000	-35.51
8150000	-35.98
8200000	-35.98
8200000	-35.39
8250000	-35.39
8250000	-34.60
8300000	-34.60
8300000	-34.69
8350000	-34.69
8350000	-35.13
8400000	-35.13
8400000	-34.77
8450000	-34.77
8450000	-34.60
8500000	-34.60
8500000	-34.71
8550000	-34.71
8550000	-34.46
8600000	-34.46
8600000	-35.12
8650000	-35.12
8650000	-34.75
8700000	-34.75
8700000	-34.82
8750000	-34.82
8750000	-35.05
8800000	-35.05
8800000	-34.67
8850000	-34.67
8850000	-34.30
8900000	-34.30
8900000	-34.71
8950000	-34.71
8950000	-34.66
9000000	-34.66
9000000	-35.22
9050000	-35.22
9050000	-34.78
9100000	-34.78
9100000	-34.49
9150000	-34.49
9150000	-34.81
9200000	-34.81
9200000	-35.48
9250000	-35.48
9250000	-35.41
9300000	-35.41
9300000	-34.78
9350000	-34.78
9350000	-34.87
9400000	-34.87
9400000	-35.12
9450000	-35.12
9450000	-34.83
9500000	-34.83
9500000	-34.91
9550000	-34.91
9550000 -34.86
9600000	-34.86
9600000	-34.86
9650000	-34.86
9650000	-34.70
9700000	-34.70
9700000	-34.64
9750000	-34.64
9750000	-35.15
9800000	-35.15
9800000	-34.99
9850000	-34.99
9850000	-35.13
9900000	-35.13
9900000	-34.93
9950000	-34.93
9950000	-35.29
10000000    -35.29
10000000	-35.25
10050000	-35.25
10050000	-35.24
10100000	-35.24
10100000	-35.38
10150000	-35.38
10150000	-36.27
10200000	-36.27
10200000	-35.73
10250000	-35.73
10250000	-36.18
10300000	-36.18
10300000	-36.22
10350000	-36.22
10350000	-36.09
10400000	-36.09
10400000	-35.70
10450000	-35.70
10450000	-35.90
10500000	-35.90
10500000	-36.30
10550000	-36.30
10550000	-35.62
10600000	-35.62
10600000	-36.17
10650000	-36.17
10650000	-36.31
10700000	-36.31
10700000	-36.54
10750000	-36.54
10750000	-37.36
10800000	-37.36
10800000	-37.23
10850000	-37.23
10850000	-36.99
10900000	-36.99
10900000	-36.70
10950000	-36.70
10950000	-36.78
11000000	-36.78
11000000	-36.73
11050000	-36.73
11050000	-37.48
11100000	-37.48
11100000	-36.51
11150000	-36.51
11150000	-36.96
11200000	-36.96
11200000	-37.44
11250000	-37.44
11250000	-37.98
11300000	-37.98
11300000	-38.03
11350000	-38.03
11350000	-37.13
11400000	-37.13
11400000	-36.77
11450000	-36.77
11450000	-36.70
11500000	-36.70
11500000	-38.99
11550000	-38.99
11550000	-40.22
11600000	-40.22
11600000	-40.22
11650000	-40.22
11650000	-39.71
11700000	-39.71
11700000	-40.84
11750000	-40.84
11750000	-41.04
11800000	-41.04
11800000	-40.41
11850000	-40.41
11850000	-39.95
11900000	-39.95
11900000	-41.22
11950000	-41.22
11950000	-41.38
12000000	-41.38
12000000	-40.63
12050000	-40.63
12050000	-40.39
12100000	-40.39
12100000	-40.76
12150000	-40.76
12150000	-41.37
12200000	-41.37
12200000	-40.97
12250000	-40.97
12250000	-41.06
12300000	-41.06
12300000	-40.54
12350000	-40.54
12350000	-40.82
12400000	-40.82
12400000	-41.67
12450000	-41.67
12450000	-41.11
12500000	-41.11
12500000	-42.21
12550000	-42.21
12550000	-40.86
12600000	-40.86
12600000	-40.18
12650000	-40.18
12650000	-39.53
12700000	-39.53
12700000	-39.03
12750000	-39.03
12750000	-38.76
12800000	-38.76
12800000	-39.38
12850000	-39.38
12850000	-39.88
12900000	-39.88
12900000	-40.07
12950000	-40.07
12950000	-41.07
13000000	-41.07
13000000	-40.05
13050000	-40.05
13050000	-40.20
13100000	-40.20
13100000	-39.07
13150000	-39.07
13150000	-39.19
13200000	-39.19
13200000	-38.57
13250000	-38.57
13250000	-38.44
13300000	-38.44
13300000	-38.61
13350000	-38.61
13350000	-38.01
13400000	-38.01
13400000	-38.52
13450000	-38.52
13450000	-39.25
13500000	-39.25
13500000	-39.77
13550000	-39.77
13550000	-38.74
13600000	-38.74
13600000	-38.25
13650000	-38.25
13650000	-39.08
13700000	-39.08
13700000	-38.38
13750000	-38.38
13750000	-38.08
13800000	-38.08
13800000	-38.39
13850000	-38.39
13850000	-39.46
13900000	-39.46
13900000	-40.11
13950000	-40.11
13950000	-39.71
14000000	-39.71
14000000	-38.25
14050000	-38.25
14050000	-38.14
14100000	-38.14
14100000	-37.89
14150000	-37.89
14150000	-37.59
14200000	-37.59
14200000	-37.21
14250000	-37.21
14250000	-37.17
14300000	-37.17
14300000	-36.95
14350000	-36.95
14350000	-37.29
14400000	-37.29
14400000	-36.26
14450000	-36.26
14450000	-36.25
14500000	-36.25
14500000	-36.40
14550000	-36.40
14550000	-37.47
14600000	-37.47
14600000	-40.06
14650000	-40.06
14650000	-41.75
14700000	-41.75
14700000	-40.58
14750000	-40.58
14750000	-41.60
14800000	-41.60
14800000	-41.13
14850000	-41.13
14850000	-41.56
14900000	-41.56
14900000	-42.31
14950000	-42.31
14950000	-42.03
15000000	-42.03
15000000	-42.06
15050000	-42.06
15050000	-42.01
15100000	-42.01
15100000	-42.23
15150000	-42.23
15150000	-42.55
15200000	-42.55
15200000	-40.78
15250000	-40.78
15250000	-42.38
15300000	-42.38
15300000	-42.00
15350000	-42.00
15350000	-42.55
15400000	-42.55
15400000	-43.48
15450000	-43.48
15450000	-42.76
15500000	-42.76
15500000	-41.94
15550000	-41.94
15550000	-43.63
15600000	-43.63
15600000	-43.29
15650000	-43.29
15650000	-41.41
15700000	-41.41
15700000	-41.92
15750000	-41.92
15750000	-41.69
15800000	-41.69
15800000	-41.88
15850000	-41.88
15850000	-41.53
15900000	-41.53
15900000	-43.56
15950000	-43.56
15950000	-42.18
16000000	-42.18
16000000	-42.41
16050000	-42.41
16050000	-41.45
16100000	-41.45
16100000	-42.01
16150000	-42.01
16150000	-41.61
16200000	-41.61
16200000	-41.68
16250000	-41.68
16250000	-40.80
16300000	-40.80
16300000	-41.00
16350000	-41.00
16350000	-41.82
16400000	-41.82
16400000	-41.36
16450000	-41.36
16450000	-41.17
16500000	-41.17
16500000	-40.44
16550000	-40.44
16550000	-40.31
16600000	-40.31
16600000	-41.90
16650000	-41.90
16650000	-41.28
16700000	-41.28
16700000	-40.42
16750000	-40.42
16750000	-40.42
16800000	-40.42
16800000	-40.45
16850000	-40.45
16850000	-40.99
16900000	-40.99
16900000	-40.76
16950000	-40.76
16950000	-41.02
17000000	-41.02
17000000	-42.02
17050000	-42.02
17050000	-41.14
17100000	-41.14
17100000	-40.27
17150000	-40.27
17150000	-40.18
17200000	-40.18
17200000	-41.44
17250000	-41.44
17250000	-40.66
17300000	-40.66
17300000	-41.15
17350000	-41.15
17350000	-41.88
17400000	-41.88
17400000	-42.16
17450000	-42.16
17450000	-42.60
17500000	-42.60
17500000	-41.80
17550000	-41.80
17550000	-42.53
17600000	-42.53
17600000	-41.83
17650000	-41.83
17650000	-41.35
17700000	-41.35
17700000	-42.07
17750000	-42.07
17750000	-42.47
17800000	-42.47
17800000	-42.63
17850000	-42.63
17850000	-42.35
17900000	-42.35
17900000	-42.25
17950000	-42.25
17950000	-41.69
18000000	-41.69
18000000	-40.73
18050000	-40.73
18050000	-41.66
18100000	-41.66
18100000	-40.93
18150000	-40.93
18150000	-41.45
18200000	-41.45
18200000	-42.09
18250000	-42.09
18250000	-41.28
18300000	-41.28
18300000	-41.04
18350000	-41.04
18350000	-41.89
18400000	-41.89
18400000	-41.32
18450000	-41.32
18450000	-42.19
18500000	-42.19
18500000	-41.71
18550000	-41.71
18550000	-42.34
18600000	-42.34
18600000	-42.48
18650000	-42.48
18650000	-42.31
18700000	-42.31
18700000	-41.37
18750000	-41.37
18750000	-42.18
18800000	-42.18
18800000	-42.82
18850000	-42.82
18850000	-41.26
18900000	-41.26
18900000	-41.97
18950000	-41.97
18950000	-41.52
19000000	-41.52
19000000	-41.13
19050000	-41.13
19050000	-41.05
19100000	-41.05
19100000	-41.36
19150000	-41.36
19150000	-42.82
19200000	-42.82
19200000	-40.88
19250000	-40.88
19250000	-40.98
19300000	-40.98
19300000	-42.60
19350000	-42.60
19350000	-41.77
19400000	-41.77
19400000	-42.57
19450000	-42.57
19450000	-42.18
19500000	-42.18
19500000	-42.22
19550000	-42.22
19550000	-41.73
19600000	-41.73
19600000	-42.29
19650000	-42.29
19650000	-42.01
19700000	-42.01
19700000	-42.90
19750000	-42.90
19750000	-43.20
19800000	-43.20
19800000	-43.34
19850000	-43.34
19850000	-42.38
19900000	-42.38
19900000	-42.76
19950000	-42.76
19950000	-43.87
20000000	-43.87
20000000	-42.03
20050000	-42.03
20050000	-41.01
20100000	-41.01
20100000	-41.79
20150000	-41.79
20150000	-42.28
20200000	-42.28
20200000	-42.11
20250000	-42.11
20250000	-42.70
20300000	-42.70
20300000	-42.49
20350000	-42.49
20350000	-42.75
20400000	-42.75
20400000	-44.28
20450000	-44.28
20450000	-42.61
20500000	-42.61
20500000	-43.15
20550000	-43.15
20550000	-42.06
20600000	-42.06
20600000	-42.96
20650000	-42.96
20650000	-43.29
20700000	-43.29
20700000	-42.14
20750000	-42.14
20750000	-42.41
20800000	-42.41
20800000	-42.77
20850000	-42.77
20850000	-42.07
20900000	-42.07
20900000	-43.05
20950000	-43.05
20950000	-42.14
21000000	-42.14
21000000	-41.71
21050000	-41.71
21050000	-42.65
21100000	-42.65
21100000	-42.95
21150000	-42.95
21150000	-43.75
21200000	-43.75
21200000	-42.91
21250000	-42.91
21250000	-43.28
21300000	-43.28
21300000	-42.36
21350000	-42.36
21350000	-41.85
21400000	-41.85
21400000	-42.83
21450000	-42.83
21450000	-41.87
21500000	-41.87
21500000	-42.03
21550000	-42.03
21550000	-41.59
21600000	-41.59
21600000	-41.56
21650000	-41.56
21650000	-42.14
21700000	-42.14
21700000	-42.34
21750000	-42.34
21750000	-42.90
21800000	-42.90
21800000	-42.40
21850000	-42.40
21850000	-42.31
21900000	-42.31
21900000	-43.01
21950000	-43.01
21950000	-42.24
22000000	-42.24
22000000	-42.38
22050000	-42.38
22050000	-43.48
22100000	-43.48
22100000	-41.22
22150000	-41.22
22150000	-41.20
22200000	-41.20
22200000	-42.49
22250000	-42.49
22250000	-41.87
22300000	-41.87
22300000	-41.18
22350000	-41.18
22350000	-42.27
22400000	-42.27
22400000	-42.11
22450000	-42.11
22450000	-42.76
22500000	-42.76
22500000	-42.47
22550000	-42.47
22550000	-41.76
22600000	-41.76
22600000	-41.07
22650000	-41.07
22650000	-39.76
22700000	-39.76
22700000	-41.92
22750000	-41.92
22750000	-43.46
22800000	-43.46
22800000	-42.00
22850000	-42.00
22850000	-43.68
22900000	-43.68
22900000	-43.61
22950000	-43.61
22950000	-43.77
23000000	-43.77
23000000	-43.67
23050000	-43.67
23050000	-44.07
23100000	-44.07
23100000	-43.12
23150000	-43.12
23150000	-43.72
23200000	-43.72
23200000	-44.19
23250000	-44.19
23250000	-43.53
23300000	-43.53
23300000	-43.57
23350000	-43.57
23350000	-42.65
23400000	-42.65
23400000	-43.14
23450000	-43.14
23450000	-43.74
23500000	-43.74
23500000	-43.55
23550000	-43.55
23550000	-43.82
23600000	-43.82
23600000	-44.32
23650000	-44.32
23650000	-43.80
23700000	-43.80
23700000	-42.62
23750000	-42.62
23750000	-43.54
23800000	-43.54
23800000	-43.41
23850000	-43.41
23850000	-43.50
23900000	-43.50
23900000	-43.20
23950000	-43.20
23950000	-42.70
24000000	-42.70
24000000	-43.60
24050000	-43.60
24050000	-44.23
24100000	-44.23
24100000	-43.04
24150000	-43.04
24150000	-43.84
24200000	-43.84
24200000	-44.06
24250000	-44.06
24250000	-43.89
24300000	-43.89
24300000	-44.49
24350000	-44.49
24350000	-42.67
24400000	-42.67
24400000	-42.74
24450000	-42.74
24450000	-43.43
24500000	-43.43
24500000	-44.21
24550000	-44.21
24550000	-43.39
24600000	-43.39
24600000	-42.79
24650000	-42.79
24650000	-44.00
24700000	-44.00
24700000	-43.45
24750000	-43.45
24750000	-42.93
24800000	-42.93
24800000	-44.13
24850000	-44.13
24850000	-44.86
24900000	-44.86
24900000	-42.36
24950000	-42.36
24950000	-43.39
25000000	-43.39
25000000	-43.44
25050000	-43.44
25050000	-44.56
25100000	-44.56
25100000	-44.76
25150000	-44.76
25150000	-44.18
25200000	-44.18
25200000	-43.73
25250000	-43.73
25250000	-44.76
25300000	-44.76
25300000	-44.37
25350000	-44.37
25350000	-43.45
25400000	-43.45
25400000	-43.45
25450000	-43.45
25450000	-44.76
25500000	-44.76
25500000	-42.46
25550000	-42.46
25550000	-43.24
25600000	-43.24
25600000	-42.27
25650000	-42.27
25650000	-42.76
25700000	-42.76
25700000	-43.18
25750000	-43.18
25750000	-42.79
25800000	-42.79
25800000	-42.67
25850000	-42.67
25850000	-42.44
25900000	-42.44
25900000	-42.94
25950000	-42.94
25950000	-43.79
26000000	-43.79
26000000	-45.62
26050000	-45.62
26050000	-44.40
26100000	-44.40
26100000	-43.54
26150000	-43.54
26150000	-43.17
26200000	-43.17
26200000	-43.36
26250000	-43.36
26250000	-44.16
26300000	-44.16
26300000	-44.07
26350000	-44.07
26350000	-43.23
26400000	-43.23
26400000	-43.91
26450000	-43.91
26450000	-43.47
26500000	-43.47
26500000	-42.54
26550000	-42.54
26550000	-43.97
26600000	-43.97
26600000	-43.97
26650000	-43.97
26650000	-42.36
26700000	-42.36
26700000	-42.63
26750000	-42.63
26750000	-43.45
26800000	-43.45
26800000	-43.35
26850000	-43.35
26850000	-43.08
26900000	-43.08
26900000	-44.06
26950000	-44.06
26950000	-44.40
27000000	-44.40
27000000	-44.58
27050000	-44.58
27050000	-43.61
27100000	-43.61
27100000	-43.03
27150000	-43.03
27150000	-41.42
27200000	-41.42
27200000	-40.72
27250000	-40.72
27250000	-39.62
27300000	-39.62
27300000	-39.40
27350000	-39.40
27350000	-38.37
27400000	-38.37
27400000	-43.20
27450000	-43.20
27450000	-43.72
27500000	-43.72
27500000	-43.82
27550000	-43.82
27550000	-43.85
27600000	-43.85
27600000	-44.84
27650000	-44.84
27650000	-44.20
27700000	-44.20
27700000	-44.58
27750000	-44.58
27750000	-44.05
27800000	-44.05
27800000	-44.15
27850000	-44.15
27850000	-44.48
27900000	-44.48
27900000	-43.75
27950000	-43.75
27950000	-44.70
28000000	-44.70
28000000	-43.59
28050000	-43.59
28050000	-43.78
28100000	-43.78
28100000	-44.28
28150000	-44.28
28150000	-43.20
28200000	-43.20
28200000	-43.23
28250000	-43.23
28250000	-40.58
28300000	-40.58
28300000	-40.33
28350000	-40.33
28350000	-40.45
28400000	-40.45
28400000	-40.36
28450000	-40.36
28450000	-39.02
28500000	-39.02
28500000	-40.23
28550000	-40.23
28550000	-42.50
28600000	-42.50
28600000	-43.60
28650000	-43.60
28650000	-44.37
28700000	-44.37
28700000	-44.08
28750000	-44.08
28750000	-44.54
28800000	-44.54
28800000	-43.71
28850000	-43.71
28850000	-44.13
28900000	-44.13
28900000	-44.32
28950000	-44.32
28950000	-43.65
29000000	-43.65
29000000	-43.51
29050000	-43.51
29050000	-44.14
29100000	-44.14
29100000	-45.07
29150000	-45.07
29150000	-44.35
29200000	-44.35
29200000	-45.82
29250000	-45.82
29250000	-44.57
29300000	-44.57
29300000	-45.22
29350000	-45.22
29350000	-44.39
29400000	-44.39
29400000	-44.15
29450000	-44.15
29450000	-44.31
29500000	-44.31
29500000	-44.51
29550000	-44.51
29550000	-44.06
29600000	-44.06
29600000	-43.98
29650000	-43.98
29650000	-44.83
29700000	-44.83
29700000	-44.47
29750000	-44.47
29750000	-45.11
29800000	-45.11
29800000	-44.22
29850000	-44.22
29850000	-44.37
29900000	-44.37
29900000	-45.09
29950000	-45.09
29950000	-43.74
30000000	-43.74
30000000	-44.04
30050000	-44.04
30050000	-44.88
30100000	-44.88
30100000	-43.76
30150000	-43.76
30150000	-43.35
30200000	-43.35
30200000	-43.83
30250000	-43.83
30250000	-42.23
30300000	-42.23
30300000	-42.37
30350000	-42.37
30350000	-43.00
30400000	-43.00
30400000	-43.85
30450000	-43.85
30450000	-43.12
30500000	-43.12
30500000	-43.65
30550000	-43.65
30550000	-44.24
30600000	-44.24
30600000	-44.21
30650000	-44.21
30650000	-43.66
30700000	-43.66
30700000	-43.89
30750000	-43.89
30750000	-43.58
30800000	-43.58
30800000	-43.28
30850000	-43.28
30850000	-44.29
30900000	-44.29
30900000	-44.13
30950000	-44.13
30950000	-43.22
31000000	-43.22
31000000	-43.74
31050000	-43.74
31050000	-44.21
31100000	-44.21
31100000	-43.46
31150000	-43.46
31150000	-43.08
31200000	-43.08
31200000	-44.40
31250000	-44.40
31250000	-43.69
31300000	-43.69
31300000	-44.02
31350000	-44.02
31350000	-43.95
31400000	-43.95
31400000	-43.09
31450000	-43.09
31450000	-43.68
31500000	-43.68
31500000	-43.39
31550000	-43.39
31550000	-44.07
31600000	-44.07
31600000	-43.65
31650000	-43.65
31650000	-43.96
31700000	-43.96
31700000	-43.40
31750000	-43.40
31750000	-43.57
31800000	-43.57
31800000	-41.55
31850000	-41.55
31850000	-41.70
31900000	-41.70
31900000	-40.61
31950000	-40.61
31950000	-40.30
32000000	-40.30
32000000	-40.43
32050000	-40.43
32050000	-40.40
32100000	-40.40
32100000	-39.94
32150000	-39.94
32150000	-39.88
32200000	-39.88
32200000	-38.92
32250000	-38.92
32250000	-42.28
32300000	-42.28
32300000	-43.91
32350000	-43.91
32350000	-43.81
32400000	-43.81
32400000	-44.18
32450000	-44.18
32450000	-44.26
32500000	-44.26
32500000	-43.77
32550000	-43.77
32550000	-44.17
32600000	-44.17
32600000	-44.69
32650000	-44.69
32650000	-45.14
32700000	-45.14
32700000	-43.84
32750000	-43.84
32750000	-42.97
32800000	-42.97
32800000	-43.48
32850000	-43.48
32850000	-43.68
32900000	-43.68
32900000	-43.81
32950000	-43.81
32950000	-43.26
33000000	-43.26
33000000	-43.21
33050000	-43.21
33050000	-43.56
33100000	-43.56
33100000	-44.19
33150000	-44.19
33150000	-43.14
33200000	-43.14
33200000	-41.10
33250000	-41.10
33250000	-40.38
33300000	-40.38
33300000	-39.92
33350000	-39.92
33350000	-39.66
33400000	-39.66
33400000	-39.82
33450000	-39.82
33450000	-39.78
33500000	-39.78
33500000	-39.03
33550000	-39.03
33550000	-41.04
33600000	-41.04
33600000	-41.91
33650000	-41.91
33650000	-42.70
33700000	-42.70
33700000	-42.73
33750000	-42.73
33750000	-43.26
33800000	-43.26
33800000	-43.32
33850000	-43.32
33850000	-42.49
33900000	-42.49
33900000	-42.92
33950000	-42.92
33950000	-42.72
34000000	-42.72
34000000	-42.85
34050000	-42.85
34050000	-42.59
34100000	-42.59
34100000	-43.38
34150000	-43.38
34150000	-43.09
34200000	-43.09
34200000	-42.81
34250000	-42.81
34250000	-42.61
34300000	-42.61
34300000	-42.97
34350000	-42.97
34350000	-43.38
34400000	-43.38
34400000	-42.98
34450000	-42.98
34450000	-41.93
34500000	-41.93
34500000	-42.20
34550000	-42.20
34550000	-40.05
34600000	-40.05
34600000	-40.50
34650000	-40.50
34650000	-40.40
34700000	-40.40
34700000	-40.77
34750000	-40.77
34750000	-41.17
34800000	-41.17
34800000	-40.99
34850000	-40.99
34850000	-40.30
34900000	-40.30
34900000	-39.35
34950000	-39.35
34950000	-40.17
35000000	-40.17
35000000	-39.67
35050000	-39.67
35050000	-39.80
35100000	-39.80
35100000	-39.36
35150000	-39.36
35150000	-39.51
35200000	-39.51
35200000	-39.24
35250000	-39.24
35250000	-38.78
35300000	-38.78
35300000	-38.63
35350000	-38.63
35350000	-39.86
35400000	-39.86
35400000	-42.62
35450000	-42.62
35450000	-42.74
35500000	-42.74
35500000	-42.83
35550000	-42.83
35550000	-42.60
35600000	-42.60
35600000	-41.95
35650000	-41.95
35650000	-42.58
35700000	-42.58
35700000	-43.43
35750000	-43.43
35750000	-44.52
35800000	-44.52
35800000	-44.52
35850000	-44.52
35850000	-42.59
35900000	-42.59
35900000	-43.13
35950000	-43.13
35950000	-43.32
36000000	-43.32
36000000	-42.93
36050000	-42.93
36050000	-42.81
36100000	-42.81
36100000	-42.43
36150000	-42.43
36150000	-42.75
36200000	-42.75
36200000	-43.32
36250000	-43.32
36250000	-42.88
36300000	-42.88
36300000	-42.00
36350000	-42.00
36350000	-43.06
36400000	-43.06
36400000	-42.12
36450000	-42.12
36450000	-41.75
36500000	-41.75
36500000	-43.23
36550000	-43.23
36550000	-42.21
36600000	-42.21
36600000	-40.82
36650000	-40.82
36650000	-41.05
36700000	-41.05
36700000	-41.09
36750000	-41.09
36750000	-41.26
36800000	-41.26
36800000	-40.40
36850000	-40.40
36850000	-41.54
36900000	-41.54
36900000	-41.31
36950000	-41.31
36950000	-41.52
37000000	-41.52
37000000	-41.01
37050000	-41.01
37050000	-41.33
37100000	-41.33
37100000	-40.96
37150000	-40.96
37150000	-40.21
37200000	-40.21
37200000	-40.02
37250000	-40.02
37250000	-39.59
37300000	-39.59
37300000	-39.93
37350000	-39.93
37350000	-39.28
37400000	-39.28
37400000	-40.29
37450000	-40.29
37450000	-40.21
37500000	-40.21
37500000	-38.77
37550000	-38.77
37550000	-39.28
37600000	-39.28
37600000	-38.74
37650000	-38.74
37650000	-39.15
37700000	-39.15
37700000	-38.90
37750000	-38.90
37750000	-38.71
37800000	-38.71
37800000	-39.04
37850000	-39.04
37850000	-39.12
37900000	-39.12
37900000	-39.03
37950000	-39.03
37950000	-39.41
38000000	-39.41
38000000	-39.05
38050000	-39.05
38050000	-38.64
38100000	-38.64
38100000	-38.50
38150000	-38.50
38150000	-38.97
38200000	-38.97
38200000	-38.20
38250000	-38.20
38250000	-38.13
38300000	-38.13
38300000	-38.99
38350000	-38.99
38350000	-41.76
38400000	-41.76
38400000	-42.30
38450000	-42.30
38450000	-42.78
38500000	-42.78
38500000	-42.26
38550000	-42.26
38550000	-42.15
38600000	-42.15
38600000	-42.76
38650000	-42.76
38650000	-42.81
38700000	-42.81
38700000	-42.71
38750000	-42.71
38750000	-42.77
38800000	-42.77
38800000	-43.71
38850000	-43.71
38850000	-43.21
38900000	-43.21
38900000	-43.19
38950000	-43.19
38950000	-43.09
39000000	-43.09
39000000	-42.63
39050000	-42.63
39050000	-42.50
39100000	-42.50
39100000	-42.11
39150000	-42.11
39150000	-43.91
39200000	-43.91
39200000	-43.54
39250000	-43.54
39250000	-44.16
39300000	-44.16
39300000	-43.05
39350000	-43.05
39350000	-43.27
39400000	-43.27
39400000	-43.62
39450000	-43.62
39450000	-43.35
39500000	-43.35
39500000	-43.03
39550000	-43.03
39550000	-43.57
39600000	-43.57
39600000	-42.66
39650000	-42.66
39650000	-43.49
39700000	-43.49
39700000	-43.67
39750000	-43.67
39750000	-42.01
39800000	-42.01
39800000	-43.88
39850000	-43.88
39850000	-42.68
39900000	-42.68
39900000	-42.96
39950000	-42.96
39950000	-43.24
40000000	-43.24
40000000	-43.23
40050000	-43.23
40050000	-43.33
40100000	-43.33
40100000	-42.23
40150000	-42.23
40150000	-41.09
40200000	-41.09
40200000	-40.75
40250000	-40.75
40250000	-40.34
40300000	-40.34
40300000	-40.18
40350000	-40.18
40350000	-42.77
40400000	-42.77
40400000	-42.20
40450000	-42.20
40450000	-42.44
40500000	-42.44
40500000	-42.21
40550000	-42.21
40550000	-42.42
40600000	-42.42
40600000	-42.20
40650000	-42.20
40650000	-42.29
40700000	-42.29
40700000	-42.08
40750000	-42.08
40750000	-42.90
40800000	-42.90
40800000	-43.34
40850000	-43.34
40850000	-43.32
40900000	-43.32
40900000	-43.01
40950000	-43.01
40950000	-43.67
41000000	-43.67
41000000	-43.77
41050000	-43.77
41050000	-42.30
41100000	-42.30
41100000	-42.00
41150000	-42.00
41150000	-41.95
41200000	-41.95
41200000	-41.67
41250000	-41.67
41250000	-40.80
41300000	-40.80
41300000	-40.01
41350000	-40.01
41350000	-39.76
41400000	-39.76
41400000	-40.43
41450000	-40.43
41450000	-39.43
41500000	-39.43
41500000	-40.07
41550000	-40.07
41550000	-39.33
41600000	-39.33
41600000	-39.57
41650000	-39.57
41650000	-38.92
41700000	-38.92
41700000	-39.05
41750000	-39.05
41750000	-42.07
41800000	-42.07
41800000	-42.37
41850000	-42.37
41850000	-43.01
41900000	-43.01
41900000	-42.19
41950000	-42.19
41950000	-42.60
42000000	-42.60
42000000	-42.44
42050000	-42.44
42050000	-43.29
42100000	-43.29
42100000	-42.82
42150000	-42.82
42150000	-42.48
42200000	-42.48
42200000	-43.48
42250000	-43.48
42250000	-42.49
42300000	-42.49
42300000	-43.17
42350000	-43.17
42350000	-42.77
42400000	-42.77
42400000	-42.67
42450000	-42.67
42450000	-41.73
42500000	-41.73
42500000	-42.46
42550000	-42.46
42550000	-42.20
42600000	-42.20
42600000	-40.87
42650000	-40.87
42650000	-40.97
42700000	-40.97
42700000	-40.92
42750000	-40.92
42750000	-41.11
42800000	-41.11
42800000	-41.62
42850000	-41.62
42850000	-41.17
42900000	-41.17
42900000	-41.12
42950000	-41.12
42950000	-40.63
43000000	-40.63
43000000	-40.05
43050000	-40.05
43050000	-39.93
43100000	-39.93
43100000	-39.70
43150000	-39.70
43150000	-39.68
43200000	-39.68
43200000	-39.40
43250000	-39.40
43250000	-39.46
43300000	-39.46
43300000	-38.98
43350000	-38.98
43350000	-38.48
43400000	-38.48
43400000	-38.76
43450000	-38.76
43450000	-39.46
43500000	-39.46
43500000	-40.01
43550000	-40.01
43550000	-39.57
43600000	-39.57
43600000	-39.30
43650000	-39.30
43650000	-39.97
43700000	-39.97
43700000	-41.86
43750000	-41.86
43750000	-42.60
43800000	-42.60
43800000	-43.09
43850000	-43.09
43850000	-43.14
43900000	-43.14
43900000	-43.90
43950000	-43.90
43950000	-43.88
44000000	-43.88
44000000	-43.15
44050000	-43.15
44050000	-42.11
44100000	-42.11
44100000	-42.31
44150000	-42.31
44150000	-42.48
44200000	-42.48
44200000	-42.03
44250000	-42.03
44250000	-42.59
44300000	-42.59
44300000	-43.57
44350000	-43.57
44350000	-42.29
44400000	-42.29
44400000	-42.21
44450000	-42.21
44450000	-42.97
44500000	-42.97
44500000	-43.42
44550000	-43.42
44550000	-43.18
44600000	-43.18
44600000	-42.10
44650000	-42.10
44650000	-43.34
44700000	-43.34
44700000	-42.45
44750000	-42.45
44750000	-41.73
44800000	-41.73
44800000	-40.57
44850000	-40.57
44850000	-39.89
44900000	-39.89
44900000	-40.24
44950000	-40.24
44950000	-40.89
45000000	-40.89
45000000	-41.86
45050000	-41.86
45050000	-41.82
45100000	-41.82
45100000	-40.91
45150000	-40.91
45150000	-40.72
45200000	-40.72
45200000	-41.27
45250000	-41.27
45250000	-41.07
45300000	-41.07
45300000	-42.03
45350000	-42.03
45350000	-41.18
45400000	-41.18
45400000	-40.70
45450000	-40.70
45450000	-40.73
45500000	-40.73
45500000	-40.98
45550000	-40.98
45550000	-40.60
45600000	-40.60
45600000	-40.75
45650000	-40.75
45650000	-40.23
45700000	-40.23
45700000	-40.94
45750000	-40.94
45750000	-41.08
45800000	-41.08
45800000	-40.82
45850000	-40.82
45850000	-40.26
45900000	-40.26
45900000	-39.46
45950000	-39.46
45950000	-40.16
46000000	-40.16
46000000	-40.20
46050000	-40.20
46050000	-39.47
46100000	-39.47
46100000	-39.51
46150000	-39.51
46150000	-39.57
46200000	-39.57
46200000	-39.45
46250000	-39.45
46250000	-39.37
46300000	-39.37
46300000	-39.59
46350000	-39.59
46350000	-39.24
46400000	-39.24
46400000	-39.80
46450000	-39.80
46450000	-39.37
46500000	-39.37
46500000	-38.41
46550000	-38.41
46550000	-39.01
46600000	-39.01
46600000	-39.05
46650000	-39.05
46650000	-38.98
46700000	-38.98
46700000	-38.66
46750000	-38.66
46750000	-38.93
46800000	-38.93
46800000	-39.11
46850000	-39.11
46850000	-39.13
46900000	-39.13
46900000	-38.98
46950000	-38.98
46950000	-38.02
47000000	-38.02
47000000	-38.49
47050000	-38.49
47050000	-39.17
47100000	-39.17
47100000	-38.03
47150000	-38.03
47150000	-38.09
47200000	-38.09
47200000	-37.71
47250000	-37.71
47250000	-38.19
47300000	-38.19
47300000	-37.35
47350000	-37.35
47350000	-40.26
47400000	-40.26
47400000	-42.32
47450000	-42.32
47450000	-42.78
47500000	-42.78
47500000	-42.87
47550000	-42.87
47550000	-42.58
47600000	-42.58
47600000	-42.15
47650000	-42.15
47650000	-43.07
47700000	-43.07
47700000	-42.70
47750000	-42.70
47750000	-43.16
47800000	-43.16
47800000	-42.48
47850000	-42.48
47850000	-42.00
47900000	-42.00
47900000	-42.87
47950000	-42.87
47950000	-43.63
48000000	-43.63
48000000	-43.61
48050000	-43.61
48050000	-42.80
48100000	-42.80
48100000	-41.98
48150000	-41.98
48150000	-42.02
48200000	-42.02
48200000	-43.16
48250000	-43.16
48250000	-43.83
48300000	-43.83
48300000	-43.48
48350000	-43.48
48350000	-42.91
48400000	-42.91
48400000	-42.31
48450000	-42.31
48450000	-43.18
48500000	-43.18
48500000	-42.92
48550000	-42.92
48550000	-42.98
48600000	-42.98
48600000	-43.13
48650000	-43.13
48650000	-44.06
48700000	-44.06
48700000	-43.90
48750000	-43.90
48750000	-43.48
48800000	-43.48
48800000	-43.49
48850000	-43.49
48850000	-42.80
48900000	-42.80
48900000	-42.44
48950000	-42.44
48950000	-42.13
49000000	-42.13
49000000	-41.59
49050000	-41.59
49050000	-40.95
49100000	-40.95
49100000	-41.17
49150000	-41.17
49150000	-41.30
49200000	-41.30
49200000	-41.22
49250000	-41.22
49250000	-40.92
49300000	-40.92
49300000	-41.16
49350000	-41.16
49350000	-40.23
49400000	-40.23
49400000	-39.84
49450000	-39.84
49450000	-39.73
49500000	-39.73
49500000	-39.62
49550000	-39.62
49550000	-40.90
49600000	-40.90
49600000	-42.11
49650000	-42.11
49650000	-39.81
49700000	-39.81
49700000	-39.48
49750000	-39.48
49750000	-39.51
49800000	-39.51
49800000	-41.41
49850000	-41.41
49850000	-41.85
49900000	-41.85
49900000	-42.38
49950000	-42.38
49950000	-42.11
50000000	-42.11
50000000	-41.51
50050000	-41.51
50050000	-41.19
50100000	-41.19
50100000	-41.47
50150000	-41.47
50150000	-40.30
50200000	-40.30
50200000	-40.52
50250000	-40.52
50250000	-40.53
50300000	-40.53
50300000	-40.49
50350000	-40.49
50350000	-40.42
50400000	-40.42
50400000	-40.74
50450000	-40.74
50450000	-41.10
50500000	-41.10
50500000	-40.72
50550000	-40.72
50550000	-40.19
50600000	-40.19
50600000	-40.29
50650000	-40.29
50650000	-40.86
50700000	-40.86
50700000	-40.59
50750000	-40.59
50750000	-40.51
50800000	-40.51
50800000	-40.86
50850000	-40.86
50850000	-40.90
50900000	-40.90
50900000	-40.71
50950000	-40.71
50950000	-40.43
51000000	-40.43
51000000	-40.78
51050000	-40.78
51050000	-39.81
51100000	-39.81
51100000	-40.57
51150000	-40.57
51150000	-40.63
51200000	-40.63
51200000	-40.22
51250000	-40.22
51250000	-40.34
51300000	-40.34
51300000	-40.11
51350000	-40.11
51350000	-40.72
51400000	-40.72
51400000	-40.72
51450000	-40.72
51450000	-40.15
51500000	-40.15
51500000	-40.53
51550000	-40.53
51550000	-40.60
51600000	-40.60
51600000	-40.45
51650000	-40.45
51650000	-40.08
51700000	-40.08
51700000	-40.71
51750000	-40.71
51750000	-40.69
51800000	-40.69
51800000	-40.43
51850000	-40.43
51850000	-40.85
51900000	-40.85
51900000	-41.07
51950000	-41.07
51950000	-39.81
52000000	-39.81
52000000	-40.44
52050000	-40.44
52050000	-39.80
52100000	-39.80
52100000	-40.67
52150000	-40.67
52150000	-41.01
52200000	-41.01
52200000	-41.04
52250000	-41.04
52250000	-41.39
52300000	-41.39
52300000	-40.26
52350000	-40.26
52350000	-39.11
52400000	-39.11
52400000	-39.27
52450000	-39.27
52450000	-39.79
52500000	-39.79
52500000	-39.96
52550000	-39.96
52550000	-39.87
52600000	-39.87
52600000	-39.04
52650000	-39.04
52650000	-39.42
52700000	-39.42
52700000	-39.91
52750000	-39.91
52750000	-39.44
52800000	-39.44
52800000	-39.31
52850000	-39.31
52850000	-38.84
52900000	-38.84
52900000	-38.83
52950000	-38.83
52950000	-39.74
53000000	-39.74
53000000	-39.24
53050000	-39.24
53050000	-39.99
53100000	-39.99
53100000	-39.42
53150000	-39.42
53150000	-38.77
53200000	-38.77
53200000	-39.48
53250000	-39.48
53250000	-38.96
53300000	-38.96
53300000	-39.87
53350000	-39.87
53350000	-39.66
53400000	-39.66
53400000	-39.55
53450000	-39.55
53450000	-39.59
53500000	-39.59
53500000	-39.24
53550000	-39.24
53550000	-39.27
53600000	-39.27
53600000	-39.56
53650000	-39.56
53650000	-39.21
53700000	-39.21
53700000	-39.31
53750000	-39.31
53750000	-38.90
53800000	-38.90
53800000	-39.49
53850000	-39.49
53850000	-39.47
53900000	-39.47
53900000	-39.38
53950000	-39.38
53950000	-38.73
54000000	-38.73
54000000	-38.83
54050000	-38.83
54050000	-39.50
54100000	-39.50
54100000	-38.51
54150000	-38.51
54150000	-39.35
54200000	-39.35
54200000	-38.88
54250000	-38.88
54250000	-38.86
54300000	-38.86
54300000	-39.03
54350000	-39.03
54350000	-38.74
54400000	-38.74
54400000	-38.44
54450000	-38.44
54450000	-39.24
54500000	-39.24
54500000	-39.37
54550000	-39.37
54550000	-39.10
54600000	-39.10
54600000	-38.55
54650000	-38.55
54650000	-38.03
54700000	-38.03
54700000	-37.92
54750000	-37.92
54750000	-39.91
54800000	-39.91
54800000	-40.86
54850000	-40.86
54850000	-38.87
54900000	-38.87
54900000	-38.79
54950000	-38.79
54950000	-38.81
55000000	-38.81
55000000	-39.14
55050000	-39.14
55050000	-40.65
55100000	-40.65
55100000	-42.52
55150000	-42.52
55150000	-42.87
55200000	-42.87
55200000	-42.52
55250000	-42.52
55250000	-42.80
55300000	-42.80
55300000	-42.88
55350000	-42.88
55350000	-43.53
55400000	-43.53
55400000	-42.70
55450000	-42.70
55450000	-42.46
55500000	-42.46
55500000	-42.74
55550000	-42.74
55550000	-42.29
55600000	-42.29
55600000	-42.20
55650000	-42.20
55650000	-41.63
55700000	-41.63
55700000	-42.20
55750000	-42.20
55750000	-38.93
55800000	-38.93
55800000	-38.84
55850000	-38.84
55850000	-42.14
55900000	-42.14
55900000	-42.87
55950000	-42.87
55950000	-42.76
56000000	-42.76
56000000	-42.49
56050000	-42.49
56050000	-42.90
56100000	-42.90
56100000	-42.99
56150000	-42.99
56150000	-42.00
56200000	-42.00
56200000	-41.42
56250000	-41.42
56250000	-39.24
56300000	-39.24
56300000	-39.61
56350000	-39.61
56350000	-39.32
56400000	-39.32
56400000	-39.61
56450000	-39.61
56450000	-39.35
56500000	-39.35
56500000	-38.90
56550000	-38.90
56550000	-39.83
56600000	-39.83
56600000	-42.08
56650000	-42.08
56650000	-43.22
56700000	-43.22
56700000	-42.96
56750000	-42.96
56750000	-42.84
56800000	-42.84
56800000	-43.09
56850000	-43.09
56850000	-42.63
56900000	-42.63
56900000	-42.16
56950000	-42.16
56950000	-42.47
57000000	-42.47
57000000	-42.24
57050000	-42.24
57050000	-42.42
57100000	-42.42
57100000	-42.46
57150000	-42.46
57150000	-42.01
57200000	-42.01
57200000	-42.36
57250000	-42.36
57250000	-41.25
57300000	-41.25
57300000	-41.23
57350000	-41.23
57350000	-41.17
57400000	-41.17
57400000	-40.63
57450000	-40.63
57450000	-40.11
57500000	-40.11
57500000	-40.07
57550000	-40.07
57550000	-40.27
57600000	-40.27
57600000	-40.68
57650000	-40.68
57650000	-40.92
57700000	-40.92
57700000	-40.61
57750000	-40.61
57750000	-40.51
57800000	-40.51
57800000	-41.02
57850000	-41.02
57850000	-41.42
57900000	-41.42
57900000	-40.50
57950000	-40.50
57950000	-40.37
58000000	-40.37
58000000	-40.35
58050000	-40.35
58050000	-40.68
58100000	-40.68
58100000	-40.02
58150000	-40.02
58150000	-39.67
58200000	-39.67
58200000	-39.74
58250000	-39.74
58250000	-39.83
58300000	-39.83
58300000	-39.44
58350000	-39.44
58350000	-38.99
58400000	-38.99
58400000	-39.60
58450000	-39.60
58450000	-39.68
58500000	-39.68
58500000	-39.17
58550000	-39.17
58550000	-38.64
58600000	-38.64
58600000	-38.83
58650000	-38.83
58650000	-39.42
58700000	-39.42
58700000	-39.87
58750000	-39.87
58750000	-38.41
58800000	-38.41
58800000	-41.20
58850000	-41.20
58850000	-41.97
58900000	-41.97
58900000	-41.09
58950000	-41.09
58950000	-38.19
59000000	-38.19
59000000	-39.60
59050000	-39.60
59050000	-42.05
59100000	-42.05
59100000	-42.52
59150000	-42.52
59150000	-42.66
59200000	-42.66
59200000	-42.19
59250000	-42.19
59250000	-42.46
59300000	-42.46
59300000	-41.99
59350000	-41.99
59350000	-40.97
59400000	-40.97
59400000	-39.35
59450000	-39.35
59450000	-39.19
59500000	-39.19
59500000	-39.52
59550000	-39.52
59550000	-40.99
59600000	-40.99
59600000	-40.30
59650000	-40.30
59650000	-38.95
59700000	-38.95
59700000	-38.36
59750000	-38.36
59750000	-38.25
59800000	-38.25
59800000	-39.12
59850000	-39.12
59850000	-42.30
59900000	-42.30
59900000	-42.88
59950000	-42.88
59950000	-42.94
60000000	-42.94
60000000	-42.25
60050000	-42.25
60050000	-38.53
60100000	-38.53
60100000	-37.93
60150000	-37.93
60150000	-40.31
60200000	-40.31
60200000	-42.72
60250000	-42.72
60250000	-43.39
60300000	-43.39
60300000	-43.45
60350000	-43.45
60350000	-43.27
60400000	-43.27
60400000	-42.43
60450000	-42.43
60450000	-42.57
60500000	-42.57
60500000	-43.58
60550000	-43.58
60550000	-43.37
60600000	-43.37
60600000	-42.69
60650000	-42.69
60650000	-43.07
60700000	-43.07
60700000	-43.16
60750000	-43.16
60750000	-43.33
60800000	-43.33
60800000	-43.45
60850000	-43.45
60850000	-43.30
60900000	-43.30
60900000	-43.24
60950000	-43.24
60950000	-42.84
61000000	-42.84
61000000	-42.89
61050000	-42.89
61050000	-43.25
61100000	-43.25
61100000	-43.19
61150000	-43.19
61150000	-43.24
61200000	-43.24
61200000	-43.12
61250000	-43.12
61250000	-43.05
61300000	-43.05
61300000	-42.99
61350000	-42.99
61350000	-43.13
61400000	-43.13
61400000	-43.10
61450000	-43.10
61450000	-43.53
61500000	-43.53
61500000	-43.74
61550000	-43.74
61550000	-43.69
61600000	-43.69
61600000	-43.65
61650000	-43.65
61650000	-43.39
61700000	-43.39
61700000	-43.97
61750000	-43.97
61750000	-44.15
61800000	-44.15
61800000	-43.21
61850000	-43.21
61850000	-44.19
61900000	-44.19
61900000	-43.28
61950000	-43.28
61950000	-43.81
62000000	-43.81
62000000	-43.70
62050000	-43.70
62050000	-43.18
62100000	-43.18
62100000	-43.10
62150000	-43.10
62150000	-43.23
62200000	-43.23
62200000	-43.67
62250000	-43.67
62250000	-45.10
62300000	-45.10
62300000	-44.57
62350000	-44.57
62350000	-43.63
62400000	-43.63
62400000	-43.09
62450000	-43.09
62450000	-43.34
62500000	-43.34
62500000	-44.38
62550000	-44.38
62550000	-44.75
62600000	-44.75
62600000	-43.15
62650000	-43.15
62650000	-43.63
62700000	-43.63
62700000	-44.21
62750000	-44.21
62750000	-44.70
62800000	-44.70
62800000	-44.49
62850000	-44.49
62850000	-43.54
62900000	-43.54
62900000	-44.18
62950000	-44.18
62950000	-44.60
63000000	-44.60
63000000	-44.01
63050000	-44.01
63050000	-43.86
63100000	-43.86
63100000	-44.52
63150000	-44.52
63150000	-45.02
63200000	-45.02
63200000	-44.74
63250000	-44.74
63250000	-44.58
63300000	-44.58
63300000	-44.43
63350000	-44.43
63350000	-44.15
63400000	-44.15
63400000	-45.16
63450000	-45.16
63450000	-44.63
63500000	-44.63
63500000	-43.77
63550000	-43.77
63550000	-45.04
63600000	-45.04
63600000	-44.40
63650000	-44.40
63650000	-44.00
63700000	-44.00
63700000	-43.90
63750000	-43.90
63750000	-44.81
63800000	-44.81
63800000	-44.70
63850000	-44.70
63850000	-44.37
63900000	-44.37
63900000	-44.49
63950000	-44.49
63950000	-43.79
64000000	-43.79
64000000	-43.41
64050000	-43.41
64050000	-43.20
64100000	-43.20
64100000	-43.10
64150000	-43.10
64150000	-43.35
64200000	-43.35
64200000	-43.99
64250000	-43.99
64250000	-43.26
64300000	-43.26
64300000	-43.05
64350000	-43.05
64350000	-43.39
64400000	-43.39
64400000	-43.95
64450000	-43.95
64450000	-44.26
64500000	-44.26
64500000	-43.34
64550000	-43.34
64550000	-41.33
64600000	-41.33
64600000	-39.97
64650000	-39.97
64650000	-40.07
64700000	-40.07
64700000	-39.74
64750000	-39.74
64750000	-40.21
64800000	-40.21
64800000	-42.24
64850000	-42.24
64850000	-42.97
64900000	-42.97
64900000	-44.26
64950000	-44.26
64950000	-42.71
65000000	-42.71
65000000	-43.79
65050000	-43.79
65050000	-44.25
65100000	-44.25
65100000	-44.17
65150000	-44.17
65150000	-44.85
65200000	-44.85
65200000	-45.29
65250000	-45.29
65250000	-44.49
65300000	-44.49
65300000	-44.44
65350000	-44.44
65350000	-44.52
65400000	-44.52
65400000	-43.84
65450000	-43.84
65450000	-43.55
65500000	-43.55
65500000	-44.22
65550000	-44.22
65550000	-43.94
65600000	-43.94
65600000	-43.61
65650000	-43.61
65650000	-43.04
65700000	-43.04
65700000	-43.84
65750000	-43.84
65750000	-43.85
65800000	-43.85
65800000	-43.54
65850000	-43.54
65850000	-42.91
65900000	-42.91
65900000	-43.12
65950000	-43.12
65950000	-43.61
66000000	-43.61
66000000	-44.81
66050000	-44.81
66050000	-44.26
66100000	-44.26
66100000	-44.16
66150000	-44.16
66150000	-44.64
66200000	-44.64
66200000	-44.44
66250000	-44.44
66250000	-44.24
66300000	-44.24
66300000	-43.95
66350000	-43.95
66350000	-44.01
66400000	-44.01
66400000	-44.48
66450000	-44.48
66450000	-44.76
66500000	-44.76
66500000	-45.04
66550000	-45.04
66550000	-44.48
66600000	-44.48
66600000	-44.33
66650000	-44.33
66650000	-44.17
66700000	-44.17
66700000	-44.19
66750000	-44.19
66750000	-44.22
66800000	-44.22
66800000	-43.67
66850000	-43.67
66850000	-43.35
66900000	-43.35
66900000	-43.04
66950000	-43.04
66950000	-44.23
67000000	-44.23
67000000	-43.99
67050000	-43.99
67050000	-43.76
67100000	-43.76
67100000	-44.65
67150000	-44.65
67150000	-44.30
67200000	-44.30
67200000	-43.71
67250000	-43.71
67250000	-44.64
67300000	-44.64
67300000	-44.21
67350000	-44.21
67350000	-42.91
67400000	-42.91
67400000	-43.39
67450000	-43.39
67450000	-43.73
67500000	-43.73
67500000	-44.12
67550000	-44.12
67550000	-43.20
67600000	-43.20
67600000	-43.62
67650000	-43.62
67650000	-44.08
67700000	-44.08
67700000	-44.18
67750000	-44.18
67750000	-43.76
67800000	-43.76
67800000	-43.33
67850000	-43.33
67850000	-44.73
67900000	-44.73
67900000	-44.22
67950000	-44.22
67950000	-43.41
68000000	-43.41
68000000	-42.37
68050000	-42.37
68050000	-42.32
68100000	-42.32
68100000	-42.79
68150000	-42.79
68150000	-43.22
68200000	-43.22
68200000	-43.45
68250000	-43.45
68250000	-43.99
68300000	-43.99
68300000	-44.37
68350000	-44.37
68350000	-44.81
68400000	-44.81
68400000	-43.87
68450000	-43.87
68450000	-43.87
68500000	-43.87
68500000	-44.62
68550000	-44.62
68550000	-44.16
68600000	-44.16
68600000	-43.83
68650000	-43.83
68650000	-44.10
68700000	-44.10
68700000	-44.05
68750000	-44.05
68750000	-43.96
68800000	-43.96
68800000	-44.47
68850000	-44.47
68850000	-44.25
68900000	-44.25
68900000	-43.42
68950000	-43.42
68950000	-43.66
69000000	-43.66
69000000	-43.76
69050000	-43.76
69050000	-43.84
69100000	-43.84
69100000	-44.40
69150000	-44.40
69150000	-44.69
69200000	-44.69
69200000	-44.03
69250000	-44.03
69250000	-43.92
69300000	-43.92
69300000	-43.80
69350000	-43.80
69350000	-43.76
69400000	-43.76
69400000	-43.93
69450000	-43.93
69450000	-44.19
69500000	-44.19
69500000	-43.30
69550000	-43.30
69550000	-43.60
69600000	-43.60
69600000	-44.03
69650000	-44.03
69650000	-42.78
69700000	-42.78
69700000	-43.35
69750000	-43.35
69750000	-43.73
69800000	-43.73
69800000	-43.88
69850000	-43.88
69850000	-44.39
69900000	-44.39
69900000	-44.68
69950000	-44.68
69950000	-43.80
70000000	-43.80
70000000	-43.54
70050000	-43.54
70050000	-43.09
70100000	-43.09
70100000	-42.07
70150000	-42.07
70150000	-40.56
70200000	-40.56
70200000	-39.73
70250000	-39.73
70250000	-39.55
70300000	-39.55
70300000	-42.18
70350000	-42.18
70350000	-44.18
70400000	-44.18
70400000	-44.70
70450000	-44.70
70450000	-44.34
70500000	-44.34
70500000	-44.32
70550000	-44.32
70550000	-44.23
70600000	-44.23
70600000	-44.13
70650000	-44.13
70650000	-43.82
70700000	-43.82
70700000	-43.76
70750000	-43.76
70750000	-43.67
70800000	-43.67
70800000	-43.28
70850000	-43.28
70850000	-43.05
70900000	-43.05
70900000	-43.50
70950000	-43.50
70950000	-43.52
71000000	-43.52
71000000	-43.48
71050000	-43.48
71050000	-42.86
71100000	-42.86
71100000	-42.45
71150000	-42.45
71150000	-41.93
71200000	-41.93
71200000	-42.22
71250000	-42.22
71250000	-42.16
71300000	-42.16
71300000	-42.07
71350000	-42.07
71350000	-42.06
71400000	-42.06
71400000	-42.17
71450000	-42.17
71450000	-42.27
71500000	-42.27
71500000	-41.60
71550000	-41.60
71550000	-40.74
71600000	-40.74
71600000	-40.51
71650000	-40.51
71650000	-40.51
71700000	-40.51
71700000	-40.13
71750000	-40.13
71750000	-40.34
71800000	-40.34
71800000	-40.87
71850000	-40.87
71850000	-40.37
71900000	-40.37
71900000	-39.81
71950000	-39.81
71950000	-39.58
72000000	-39.58
72000000	-39.69
72050000	-39.69
72050000	-40.10
72100000	-40.10
72100000	-39.91
72150000	-39.91
72150000	-39.50
72200000	-39.50
72200000	-39.53
72250000	-39.53
72250000	-39.61
72300000	-39.61
72300000	-39.66
72350000	-39.66
72350000	-39.23
72400000	-39.23
72400000	-39.08
72450000	-39.08
72450000	-39.00
72500000	-39.00
72500000	-38.73
72550000	-38.73
72550000	-38.61
72600000	-38.61
72600000	-38.47
72650000	-38.47
72650000	-38.31
72700000	-38.31
72700000	-38.39
72750000	-38.39
72750000	-37.92
72800000	-37.92
72800000	-37.67
72850000	-37.67
72850000	-38.15
72900000	-38.15
72900000	-37.71
72950000	-37.71
72950000	-37.96
73000000	-37.96
73000000	-40.85
73050000	-40.85
73050000	-43.63
73100000	-43.63
73100000	-44.39
73150000	-44.39
73150000	-44.22
73200000	-44.22
73200000	-43.95
73250000	-43.95
73250000	-44.66
73300000	-44.66
73300000	-44.84
73350000	-44.84
73350000	-45.07
73400000	-45.07
73400000	-44.96
73450000	-44.96
73450000	-44.69
73500000	-44.69
73500000	-44.92
73550000	-44.92
73550000	-45.18
73600000	-45.18
73600000	-44.66
73650000	-44.66
73650000	-44.36
73700000	-44.36
73700000	-45.05
73750000	-45.05
73750000	-45.15
73800000	-45.15
73800000	-44.43
73850000	-44.43
73850000	-44.57
73900000	-44.57
73900000	-44.90
73950000	-44.90
73950000	-44.79
74000000	-44.79
74000000	-44.65
74050000	-44.65
74050000	-45.13
74100000	-45.13
74100000	-45.39
74150000	-45.39
74150000	-44.99
74200000	-44.99
74200000	-44.88
74250000	-44.88
74250000	-44.41
74300000	-44.41
74300000	-44.44
74350000	-44.44
74350000	-44.54
74400000	-44.54
74400000	-44.88
74450000	-44.88
74450000	-45.15
74500000	-45.15
74500000	-44.34
74550000	-44.34
74550000	-44.21
74600000	-44.21
74600000	-44.06
74650000	-44.06
74650000	-44.69
74700000	-44.69
74700000	-44.51
74750000	-44.51
74750000	-42.98
74800000	-42.98
74800000	-42.78
74850000	-42.78
74850000	-42.22
74900000	-42.22
74900000	-40.97
74950000	-40.97
74950000	-39.88
75000000	-39.88
75000000	-40.06
75050000	-40.06
75050000	-40.97
75100000	-40.97
75100000	-41.35
75150000	-41.35
75150000	-40.44
75200000	-40.44
75200000	-40.86
75250000	-40.86
75250000	-40.34
75300000	-40.34
75300000	-39.97
75350000	-39.97
75350000	-40.00
75400000	-40.00
75400000	-39.86
75450000	-39.86
75450000	-39.50
75500000	-39.50
75500000	-39.19
75550000	-39.19
75550000	-39.54
75600000	-39.54
75600000	-39.60
75650000	-39.60
75650000	-39.44
75700000	-39.44
75700000	-39.24
75750000	-39.24
75750000	-39.64
75800000	-39.64
75800000	-39.27
75850000	-39.27
75850000	-39.45
75900000	-39.45
75900000	-39.05
75950000	-39.05
75950000	-39.23
76000000	-39.23
76000000	-39.51
76050000	-39.51
76050000	-39.24
76100000	-39.24
76100000	-39.32
76150000	-39.32
76150000	-39.14
76200000	-39.14
76200000	-38.80
76250000	-38.80
76250000	-38.81
76300000	-38.81
76300000	-38.37
76350000	-38.37
76350000	-38.65
76400000	-38.65
76400000	-38.79
76450000	-38.79
76450000	-38.90
76500000	-38.90
76500000	-38.58
76550000	-38.58
76550000	-38.12
76600000	-38.12
76600000	-38.18
76650000	-38.18
76650000	-38.38
76700000	-38.38
76700000	-38.25
76750000	-38.25
76750000	-37.93
76800000	-37.93
76800000	-37.84
76850000	-37.84
76850000	-37.81
76900000	-37.81
76900000	-37.28
76950000	-37.28
76950000	-37.59
77000000	-37.59
77000000	-37.28
77050000	-37.28
77050000	-36.81
77100000	-36.81
77100000	-38.69
77150000	-38.69
77150000	-41.42
77200000	-41.42
77200000	-42.68
77250000	-42.68
77250000	-42.95
77300000	-42.95
77300000	-42.40
77350000	-42.40
77350000	-42.43
77400000	-42.43
77400000	-42.46
77450000	-42.46
77450000	-42.80
77500000	-42.80
77500000	-43.41
77550000	-43.41
77550000	-42.45
77600000	-42.45
77600000	-42.95
77650000	-42.95
77650000	-43.10
77700000	-43.10
77700000	-42.55
77750000	-42.55
77750000	-42.42
77800000	-42.42
77800000	-42.68
77850000	-42.68
77850000	-42.92
77900000	-42.92
77900000	-42.87
77950000	-42.87
77950000	-42.37
78000000	-42.37
78000000	-42.80
78050000	-42.80
78050000	-43.63
78100000	-43.63
78100000	-43.59
78150000	-43.59
78150000	-43.15
78200000	-43.15
78200000	-42.74
78250000	-42.74
78250000	-42.39
78300000	-42.39
78300000	-42.64
78350000	-42.64
78350000	-42.48
78400000	-42.48
78400000	-42.07
78450000	-42.07
78450000	-41.62
78500000	-41.62
78500000	-41.06
78550000	-41.06
78550000	-39.62
78600000	-39.62
78600000	-39.29
78650000	-39.29
78650000	-39.05
78700000	-39.05
78700000	-39.28
78750000	-39.28
78750000	-39.86
78800000	-39.86
78800000	-40.49
78850000	-40.49
78850000	-41.03
78900000	-41.03
78900000	-41.23
78950000	-41.23
78950000	-40.92
79000000	-40.92
79000000	-41.01
79050000	-41.01
79050000	-40.85
79100000	-40.85
79100000	-40.30
79150000	-40.30
79150000	-39.91
79200000	-39.91
79200000	-40.49
79250000	-40.49
79250000	-40.40
79300000	-40.40
79300000	-39.96
79350000	-39.96
79350000	-40.64
79400000	-40.64
79400000	-40.20
79450000	-40.20
79450000	-39.28
79500000	-39.28
79500000	-39.37
79550000	-39.37
79550000	-38.90
79600000	-38.90
79600000	-39.32
79650000	-39.32
79650000	-39.03
79700000	-39.03
79700000	-38.91
79750000	-38.91
79750000	-39.45
79800000	-39.45
79800000	-39.17
79850000	-39.17
79850000	-38.72
79900000	-38.72
79900000	-38.69
79950000	-38.69
79950000	-40.76
80000000	-40.76
80000000	-40.70
80050000	-40.70
80050000	-40.56
80100000	-40.56
80100000	-40.34
80150000	-40.34
80150000	-40.08
80200000	-40.08
80200000	-40.31
80250000	-40.31
80250000	-40.28
80300000	-40.28
80300000	-39.90
80350000	-39.90
80350000	-39.98
80400000	-39.98
80400000	-40.33
80450000	-40.33
80450000	-40.02
80500000	-40.02
80500000	-39.91
80550000	-39.91
80550000	-39.30
80600000	-39.30
80600000	-39.45
80650000	-39.45
80650000	-39.80
80700000	-39.80
80700000	-39.58
80750000	-39.58
80750000	-39.54
80800000	-39.54
80800000	-39.37
80850000	-39.37
80850000	-39.25
80900000	-39.25
80900000	-39.00
80950000	-39.00
80950000	-39.61
81000000	-39.61
81000000	-39.51
81050000	-39.51
81050000	-39.33
81100000	-39.33
81100000	-39.52
81150000	-39.52
81150000	-39.16
81200000	-39.16
81200000	-38.65
81250000	-38.65
81250000	-38.98
81300000	-38.98
81300000	-39.22
81350000	-39.22
81350000	-39.44
81400000	-39.44
81400000	-39.18
81450000	-39.18
81450000	-38.74
81500000	-38.74
81500000	-38.61
81550000	-38.61
81550000	-38.36
81600000	-38.36
81600000	-38.79
81650000	-38.79
81650000	-38.85
81700000	-38.85
81700000	-38.48
81750000	-38.48
81750000	-38.65
81800000	-38.65
81800000	-38.35
81850000	-38.35
81850000	-38.44
81900000	-38.44
81900000	-38.37
81950000	-38.37
81950000	-38.07
82000000	-38.07
82000000	-38.38
82050000	-38.38
82050000	-38.31
82100000	-38.31
82100000	-38.26
82150000	-38.26
82150000	-38.14
82200000	-38.14
82200000	-38.43
82250000	-38.43
82250000	-37.99
82300000	-37.99
82300000	-37.79
82350000	-37.79
82350000	-37.78
82400000	-37.78
82400000	-37.84
82450000	-37.84
82450000	-37.68
82500000	-37.68
82500000	-37.26
82550000	-37.26
82550000	-37.88
82600000	-37.88
82600000	-38.05
82650000	-38.05
82650000	-38.23
82700000	-38.23
82700000	-38.06
82750000	-38.06
82750000	-38.24
82800000	-38.24
82800000	-37.72
82850000	-37.72
82850000	-37.82
82900000	-37.82
82900000	-37.96
82950000	-37.96
82950000	-38.62
83000000	-38.62
83000000	-38.45
83050000	-38.45
83050000	-37.85
83100000	-37.85
83100000	-38.22
83150000	-38.22
83150000	-37.96
83200000	-37.96
83200000	-37.92
83250000	-37.92
83250000	-37.92
83300000	-37.92
83300000	-37.99
83350000	-37.99
83350000	-37.84
83400000	-37.84
83400000	-37.57
83450000	-37.57
83450000	-37.98
83500000	-37.98
83500000	-38.47
83550000	-38.47
83550000	-38.19
83600000	-38.19
83600000	-38.02
83650000	-38.02
83650000	-38.19
83700000	-38.19
83700000	-37.28
83750000	-37.28
83750000	-37.02
83800000	-37.02
83800000	-37.06
83850000	-37.06
83850000	-37.57
83900000	-37.57
83900000	-37.78
83950000	-37.78
83950000	-37.76
84000000	-37.76
84000000	-38.02
84050000	-38.02
84050000	-37.82
84100000	-37.82
84100000	-37.94
84150000	-37.94
84150000	-37.84
84200000	-37.84
84200000	-37.35
84250000	-37.35
84250000	-36.94
84300000	-36.94
84300000	-37.24
84350000	-37.24
84350000	-36.82
84400000	-36.82
84400000	-37.55
84450000	-37.55
84450000	-37.54
84500000	-37.54
84500000	-37.84
84550000	-37.84
84550000	-38.15
84600000	-38.15
84600000	-37.80
84650000	-37.80
84650000	-37.52
84700000	-37.52
84700000	-37.19
84750000	-37.19
84750000	-37.34
84800000	-37.34
84800000	-37.41
84850000	-37.41
84850000	-37.95
84900000	-37.95
84900000	-37.55
84950000	-37.55
84950000	-37.98
85000000	-37.98
85000000	-37.94
85050000	-37.94
85050000	-38.32
85100000	-38.32
85100000	-37.49
85150000	-37.49
85150000	-37.07
85200000	-37.07
85200000	-37.20
85250000	-37.20
85250000	-37.06
85300000	-37.06
85300000	-36.62
85350000	-36.62
85350000	-36.81
85400000	-36.81
85400000	-37.19
85450000	-37.19
85450000	-39.15
85500000	-39.15
85500000	-41.13
85550000	-41.13
85550000	-41.03
85600000	-41.03
85600000	-40.68
85650000	-40.68
85650000	-39.29
85700000	-39.29
85700000	-38.70
85750000	-38.70
85750000	-40.33
85800000	-40.33
85800000	-39.98
85850000	-39.98
85850000	-40.09
85900000	-40.09
85900000	-41.20
85950000	-41.20
85950000	-40.89
86000000	-40.89
86000000	-40.46
86050000	-40.46
86050000	-40.31
86100000	-40.31
86100000	-40.69
86150000	-40.69
86150000	-41.29
86200000	-41.29
86200000	-41.13
86250000	-41.13
86250000	-41.08
86300000	-41.08
86300000	-41.60
86350000	-41.60
86350000	-41.36
86400000	-41.36
86400000	-41.40
86450000	-41.40
86450000	-41.52
86500000	-41.52
86500000	-40.93
86550000	-40.93
86550000	-41.56
86600000	-41.56
86600000	-41.60
86650000	-41.60
86650000	-40.68
86700000	-40.68
86700000	-40.73
86750000	-40.73
86750000	-40.77
86800000	-40.77
86800000	-40.04
86850000	-40.04
86850000	-41.02
86900000	-41.02
86900000	-41.35
86950000	-41.35
86950000	-41.32
87000000	-41.32
87000000	-41.50
87050000	-41.50
87050000	-41.57
87100000	-41.57
87100000	-41.27
87150000	-41.27
87150000	-40.91
87200000	-40.91
87200000	-40.93
87250000	-40.93
87250000	-41.24
87300000	-41.24
87300000	-41.47
87350000	-41.47
87350000	-41.70
87400000	-41.70
87400000	-42.09
87450000	-42.09
87450000	-41.39
87500000	-41.39
87500000	-41.31
87550000	-41.31
87550000	-41.28
87600000	-41.28
87600000	-41.16
87650000	-41.16
87650000	-41.26
87700000	-41.26
87700000	-41.35
87750000	-41.35
87750000	-41.96
87800000	-41.96
87800000	-41.97
87850000	-41.97
87850000	-42.04
87900000	-42.04
87900000	-41.84
87950000	-41.84
87950000	-41.51
88000000	-41.51
88000000	-41.60
88050000	-41.60
88050000	-41.79
88100000	-41.79
88100000	-41.54
88150000	-41.54
88150000	-41.74
88200000	-41.74
88200000	-41.84
88250000	-41.84
88250000	-41.59
88300000	-41.59
88300000	-41.19
88350000	-41.19
88350000	-40.47
88400000	-40.47
88400000	-39.87
88450000	-39.87
88450000	-39.10
88500000	-39.10
88500000	-40.00
88550000	-40.00
88550000	-40.59
88600000	-40.59
88600000	-40.50
88650000	-40.50
88650000	-40.00
88700000	-40.00
88700000	-39.69
88750000	-39.69
88750000	-39.32
88800000	-39.32
88800000	-38.92
88850000	-38.92
88850000	-39.14
88900000	-39.14
88900000	-39.79
88950000	-39.79
88950000	-39.21
89000000	-39.21
89000000	-38.97
89050000	-38.97
89050000	-38.61
89100000	-38.61
89100000	-38.81
89150000	-38.81
89150000	-39.22
89200000	-39.22
89200000	-38.94
89250000	-38.94
89250000	-38.83
89300000	-38.83
89300000	-38.53
89350000	-38.53
89350000	-38.55
89400000	-38.55
89400000	-38.89
89450000	-38.89
89450000	-39.01
89500000	-39.01
89500000	-39.43
89550000	-39.43
89550000	-39.67
89600000	-39.67
89600000	-39.29
89650000	-39.29
89650000	-38.87
89700000	-38.87
89700000	-38.30
89750000	-38.30
89750000	-38.35
89800000	-38.35
89800000	-38.47
89850000	-38.47
89850000	-38.48
89900000	-38.48
89900000	-38.18
89950000	-38.18
89950000	-38.62
90000000	-38.62
90000000	-38.47
90050000	-38.47
90050000	-37.90
90100000	-37.90
90100000	-37.96
90150000	-37.96
90150000	-38.18
90200000	-38.18
90200000	-37.86
90250000	-37.86
90250000	-38.00
90300000	-38.00
90300000	-37.75
90350000	-37.75
90350000	-37.68
90400000	-37.68
90400000	-38.02
90450000	-38.02
90450000	-38.14
90500000	-38.14
90500000	-39.13
90550000	-39.13
90550000	-38.49
90600000	-38.49
90600000	-38.19
90650000	-38.19
90650000	-37.97
90700000	-37.97
90700000	-38.45
90750000	-38.45
90750000	-39.92
90800000	-39.92
90800000	-40.24
90850000	-40.24
90850000	-39.87
90900000	-39.87
90900000	-39.88
90950000	-39.88
90950000	-39.99
91000000	-39.99
91000000	-39.86
91050000	-39.86
91050000	-39.94
91100000	-39.94
91100000	-39.64
91150000	-39.64
91150000	-39.46
91200000	-39.46
91200000	-39.38
91250000	-39.38
91250000	-39.60
91300000	-39.60
91300000	-39.61
91350000	-39.61
91350000	-39.50
91400000	-39.50
91400000	-39.58
91450000	-39.58
91450000	-39.75
91500000	-39.75
91500000	-39.78
91550000	-39.78
91550000	-39.57
91600000	-39.57
91600000	-39.27
91650000	-39.27
91650000	-39.40
91700000	-39.40
91700000	-39.51
91750000	-39.51
91750000	-39.50
91800000	-39.50
91800000	-39.60
91850000	-39.60
91850000	-39.11
91900000	-39.11
91900000	-39.79
91950000	-39.79
91950000	-39.60
92000000	-39.60
92000000	-39.68
92050000	-39.68
92050000	-39.86
92100000	-39.86
92100000	-39.87
92150000	-39.87
92150000	-39.89
92200000	-39.89
92200000	-39.86
92250000	-39.86
92250000	-40.21
92300000	-40.21
92300000	-39.97
92350000	-39.97
92350000	-39.56
92400000	-39.56
92400000	-39.14
92450000	-39.14
92450000	-39.26
92500000	-39.26
92500000	-39.64
92550000	-39.64
92550000	-39.80
92600000	-39.80
92600000	-39.91
92650000	-39.91
92650000	-39.62
92700000	-39.62
92700000	-39.77
92750000	-39.77
92750000	-39.64
92800000	-39.64
92800000	-40.04
92850000	-40.04
92850000	-40.18
92900000	-40.18
92900000	-39.76
92950000	-39.76
92950000	-39.33
93000000	-39.33
93000000	-39.79
93050000	-39.79
93050000	-39.26
93100000	-39.26
93100000	-39.69
93150000	-39.69
93150000	-39.75
93200000	-39.75
93200000	-39.97
93250000	-39.97
93250000	-39.74
93300000	-39.74
93300000	-39.57
93350000	-39.57
93350000	-39.67
93400000	-39.67
93400000	-39.88
93450000	-39.88
93450000	-40.45
93500000	-40.45
93500000	-40.05
93550000	-40.05
93550000	-39.98
93600000	-39.98
93600000	-39.96
93650000	-39.96
93650000	-39.93
93700000	-39.93
93700000	-39.92
93750000	-39.92
93750000	-40.29
93800000	-40.29
93800000	-39.35
93850000	-39.35
93850000	-39.43
93900000	-39.43
93900000	-39.72
93950000	-39.72
93950000	-39.85
94000000	-39.85
94000000	-39.69
94050000	-39.69
94050000	-39.55
94100000	-39.55
94100000	-39.85
94150000	-39.85
94150000	-39.18
94200000	-39.18
94200000	-39.81
94250000	-39.81
94250000	-39.90
94300000	-39.90
94300000	-39.78
94350000	-39.78
94350000	-39.73
94400000	-39.73
94400000	-39.69
94450000	-39.69
94450000	-39.41
94500000	-39.41
94500000	-39.05
94550000	-39.05
94550000	-39.39
94600000	-39.39
94600000	-39.58
94650000	-39.58
94650000	-39.29
94700000	-39.29
94700000	-39.11
94750000	-39.11
94750000	-38.97
94800000	-38.97
94800000	-39.47
94850000	-39.47
94850000	-39.73
94900000	-39.73
94900000	-39.63
94950000	-39.63
94950000	-39.60
95000000	-39.60
95000000	-39.51
95050000	-39.51
95050000	-39.62
95100000	-39.62
95100000	-39.96
95150000	-39.96
95150000	-39.88
95200000	-39.88
95200000	-39.68
95250000	-39.68
95250000	-39.39
95300000	-39.39
95300000	-39.20
95350000	-39.20
95350000	-39.38
95400000	-39.38
95400000	-39.44
95450000	-39.44
95450000	-39.13
95500000	-39.13
95500000	-39.49
95550000	-39.49
95550000	-39.27
95600000	-39.27
95600000	-38.76
95650000	-38.76
95650000	-38.88
95700000	-38.88
95700000	-39.19
95750000	-39.19
95750000	-39.38
95800000	-39.38
95800000	-39.23
95850000	-39.23
95850000	-38.80
95900000	-38.80
95900000	-38.73
95950000	-38.73
95950000	-39.20
96000000	-39.20
96000000	-39.30
96050000	-39.30
96050000	-39.24
96100000	-39.24
96100000	-38.77
96150000	-38.77
96150000	-38.77
96200000	-38.77
96200000	-38.79
96250000	-38.79
96250000	-38.66
96300000	-38.66
96300000	-38.87
96350000	-38.87
96350000	-38.68
96400000	-38.68
96400000	-38.84
96450000	-38.84
96450000	-38.99
96500000	-38.99
96500000	-38.83
96550000	-38.83
96550000	-38.50
96600000	-38.50
96600000	-38.60
96650000	-38.60
96650000	-39.01
96700000	-39.01
96700000	-38.80
96750000	-38.80
96750000	-38.45
96800000	-38.45
96800000	-38.49
96850000	-38.49
96850000	-38.21
96900000	-38.21
96900000	-38.34
96950000	-38.34
96950000	-38.28
97000000	-38.28
97000000	-38.36
97050000	-38.36
97050000	-38.89
97100000	-38.89
97100000	-39.04
97150000	-39.04
97150000	-39.36
97200000	-39.36
97200000	-39.17
97250000	-39.17
97250000	-38.13
97300000	-38.13
97300000	-38.54
97350000	-38.54
97350000	-38.81
97400000	-38.81
97400000	-38.90
97450000	-38.90
97450000	-38.93
97500000	-38.93
97500000	-38.80
97550000	-38.80
97550000	-38.70
97600000	-38.70
97600000	-38.64
97650000	-38.64
97650000	-38.43
97700000	-38.43
97700000	-38.54
97750000	-38.54
97750000	-38.35
97800000	-38.35
97800000	-38.36
97850000	-38.36
97850000	-38.38
97900000	-38.38
97900000	-38.03
97950000	-38.03
97950000	-37.97
98000000	-37.97
98000000	-37.93
98050000	-37.93
98050000	-39.15
98100000	-39.15
98100000	-38.75
98150000	-38.75
98150000	-38.27
98200000	-38.27
98200000	-38.51
98250000	-38.51
98250000	-38.61
98300000	-38.61
98300000	-38.62
98350000	-38.62
98350000	-38.51
98400000	-38.51
98400000	-38.44
98450000	-38.44
98450000	-38.63
98500000	-38.63
98500000	-38.53
98550000	-38.53
98550000	-38.38
98600000	-38.38
98600000	-38.52
98650000	-38.52
98650000	-38.47
98700000	-38.47
98700000	-38.44
98750000	-38.44
98750000	-38.82
98800000	-38.82
98800000	-38.56
98850000	-38.56
98850000	-38.55
98900000	-38.55
98900000	-38.27
98950000	-38.27
98950000	-38.36
99000000	-38.36
99000000	-38.02
99050000	-38.02
99050000	-38.12
99100000	-38.12
99100000	-38.21
99150000	-38.21
99150000	-38.07
99200000	-38.07
99200000	-37.92
99250000	-37.92
99250000	-37.68
99300000	-37.68
99300000	-37.38
99350000	-37.38
99350000	-37.90
99400000	-37.90
99400000	-38.29
99450000	-38.29
99450000	-37.86
99500000	-37.86
99500000	-38.62
99550000	-38.62
99550000	-38.49
99600000	-38.49
99600000	-38.05
99650000	-38.05
99650000	-38.19
99700000	-38.19
99700000	-38.36
99750000	-38.36
99750000	-38.31
99800000	-38.31
99800000	-38.21
99850000	-38.21
99850000	-37.84
99900000	-37.84
99900000	-37.72
99950000	-37.72
99950000	-38.07
100000000	-38.07
100000000	-38.14
100050000	-38.14
100050000	-38.14
100100000	-38.14
100100000	-37.73
100150000	-37.73
100150000	-37.77
100200000	-37.77
100200000	-37.91
100250000	-37.91
100250000	-37.57
100300000	-37.57
100300000	-37.68
100350000	-37.68
100350000	-37.84
100400000	-37.84
100400000	-37.57
100450000	-37.57
100450000	-37.58
100500000	-37.58
100500000	-37.46
100550000	-37.46
100550000	-37.54
100600000	-37.54
100600000	-37.52
100650000	-37.52
100650000	-37.83
100700000	-37.83
100700000	-37.98
100750000	-37.98
100750000	-37.87
100800000	-37.87
100800000	-37.71
100850000	-37.71
100850000	-37.75
100900000	-37.75
100900000	-37.99
100950000	-37.99
100950000	-37.92
101000000	-37.92
101000000	-38.04
101050000	-38.04
101050000	-37.88
101100000	-37.88
101100000	-37.63
101150000	-37.63
101150000	-37.84
101200000	-37.84
101200000	-38.13
101250000	-38.13
101250000	-37.63
101300000	-37.63
101300000	-37.93
101350000	-37.93
101350000	-38.06
101400000	-38.06
101400000	-37.59
101450000	-37.59
101450000	-37.73
101500000	-37.73
101500000	-37.56
101550000	-37.56
101550000	-37.75
101600000	-37.75
101600000	-37.45
101650000	-37.45
101650000	-37.37
101700000	-37.37
101700000	-37.48
101750000	-37.48
101750000	-37.05
101800000	-37.05
101800000	-37.49
101850000	-37.49
101850000	-37.82
101900000	-37.82
101900000	-37.71
101950000	-37.71
101950000	-37.49
102000000	-37.49
102000000	-37.49
102050000	-37.49
102050000	-37.53
102100000	-37.53
102100000	-37.55
102150000	-37.55
102150000	-37.62
102200000	-37.62
102200000	-37.49
102250000	-37.49
102250000	-37.38
102300000	-37.38
102300000	-37.54
102350000	-37.54
102350000	-37.34
102400000	-37.34
102400000	-37.06
102450000	-37.06
102450000	-37.12
102500000	-37.12
102500000	-37.24
102550000	-37.24
102550000	-37.22
102600000	-37.22
102600000	-37.11
102650000	-37.11
102650000	-37.12
102700000	-37.12
102700000	-36.97
102750000	-36.97
102750000	-37.13
102800000	-37.13
102800000	-37.16
102850000	-37.16
102850000	-37.08
102900000	-37.08
102900000	-37.08
102950000	-37.08
102950000	-36.99
103000000	-36.99
103000000	-37.08
103050000	-37.08
103050000	-36.98
103100000	-36.98
103100000	-37.02
103150000	-37.02
103150000	-37.02
103200000	-37.02
103200000	-36.56
103250000	-36.56
103250000	-36.95
103300000	-36.95
103300000	-37.43
103350000	-37.43
103350000	-36.85
103400000	-36.85
103400000	-36.81
103450000	-36.81
103450000	-36.66
103500000	-36.66
103500000	-36.41
103550000	-36.41
103550000	-36.53
103600000	-36.53
103600000	-37.04
103650000	-37.04
103650000	-37.15
103700000	-37.15
103700000	-36.94
103750000	-36.94
103750000	-36.01
103800000	-36.01
103800000	-36.53
103850000	-36.53
103850000	-37.01
103900000	-37.01
103900000	-36.77
103950000	-36.77
103950000	-36.84
104000000	-36.84
104000000	-36.84
104050000	-36.84
104050000	-37.06
104100000	-37.06
104100000	-36.92
104150000	-36.92
104150000	-37.06
104200000	-37.06
104200000	-36.91
104250000	-36.91
104250000	-36.71
104300000	-36.71
104300000	-36.90
104350000	-36.90
104350000	-36.82
104400000	-36.82
104400000	-36.51
104450000	-36.51
104450000	-36.92
104500000	-36.92
104500000	-36.47
104550000	-36.47
104550000	-36.83
104600000	-36.83
104600000	-37.08
104650000	-37.08
104650000	-36.85
104700000	-36.85
104700000	-37.70
104750000	-37.70
104750000	-38.86
104800000	-38.86
104800000	-39.54
104850000	-39.54
104850000	-39.53
104900000	-39.53
104900000	-39.70
104950000	-39.70
104950000	-39.43
105000000	-39.43
105000000	-39.32
105050000	-39.32
105050000	-37.42
105100000	-37.42
105100000	-36.67
105150000	-36.67
105150000	-38.17
105200000	-38.17
105200000	-39.62
105250000	-39.62
105250000	-39.59
105300000	-39.59
105300000	-39.94
105350000	-39.94
105350000	-39.95
105400000	-39.95
105400000	-39.87
105450000	-39.87
105450000	-39.92
105500000	-39.92
105500000	-40.01
105550000	-40.01
105550000	-39.88
105600000	-39.88
105600000	-39.60
105650000	-39.60
105650000	-39.65
105700000	-39.65
105700000	-40.19
105750000	-40.19
105750000	-39.95
105800000	-39.95
105800000	-39.47
105850000	-39.47
105850000	-39.47
105900000	-39.47
105900000	-39.76
105950000	-39.76
105950000	-39.66
106000000	-39.66
106000000	-39.77
106050000	-39.77
106050000	-38.27
106100000	-38.27
106100000	-37.95
106150000	-37.95
106150000	-37.83
106200000	-37.83
106200000	-37.72
106250000	-37.72
106250000	-37.37
106300000	-37.37
106300000	-37.51
106350000	-37.51
106350000	-37.62
106400000	-37.62
106400000	-37.22
106450000	-37.22
106450000	-37.10
106500000	-37.10
106500000	-37.43
106550000	-37.43
106550000	-37.51
106600000	-37.51
106600000	-37.59
106650000	-37.59
106650000	-37.44
106700000	-37.44
106700000	-37.45
106750000	-37.45
106750000	-38.39
106800000	-38.39
106800000	-38.37
106850000	-38.37
106850000	-37.34
106900000	-37.34
106900000	-37.32
106950000	-37.32
106950000	-37.09
107000000	-37.09
107000000	-37.43
107050000	-37.43
107050000	-37.27
107100000	-37.27
107100000	-37.07
107150000	-37.07
107150000	-36.60
107200000	-36.60
107200000	-36.74
107250000	-36.74
107250000	-39.09
107300000	-39.09
107300000	-39.94
107350000	-39.94
107350000	-38.69
107400000	-38.69
107400000	-37.43
107450000	-37.43
107450000	-37.43
107500000	-37.43
107500000	-37.49
107550000	-37.49
107550000	-37.67
107600000	-37.67
107600000	-37.51
107650000	-37.51
107650000	-37.22
107700000	-37.22
107700000	-37.48
107750000	-37.48
107750000	-37.55
107800000	-37.55
107800000	-37.82
107850000	-37.82
107850000	-37.69
107900000	-37.69
107900000	-37.42
107950000	-37.42
107950000	-37.78
108000000	-37.78
108000000	-37.42
108050000	-37.42
108050000	-37.46
108100000	-37.46
108100000	-37.65
108150000	-37.65
108150000	-37.29
108200000	-37.29
108200000	-37.06
108250000	-37.06
108250000	-37.30
108300000	-37.30
108300000	-37.29
108350000	-37.29
108350000	-37.27
108400000	-37.27
108400000	-36.75
108450000	-36.75
108450000	-36.71
108500000	-36.71
108500000	-36.67
108550000	-36.67
108550000	-36.42
108600000	-36.42
108600000	-36.53
108650000	-36.53
108650000	-37.69
108700000	-37.69
108700000	-39.55
108750000	-39.55
108750000	-40.56
108800000	-40.56
108800000	-41.27
108850000	-41.27
108850000	-41.02
108900000	-41.02
108900000	-40.49
108950000	-40.49
108950000	-40.79
109000000	-40.79
109000000	-40.95
109050000	-40.95
109050000	-41.15
109100000	-41.15
109100000	-40.84
109150000	-40.84
109150000	-40.68
109200000	-40.68
109200000	-40.49
109250000	-40.49
109250000	-41.13
109300000	-41.13
109300000	-41.22
109350000	-41.22
109350000	-41.26
109400000	-41.26
109400000	-41.10
109450000	-41.10
109450000	-40.97
109500000	-40.97
109500000	-40.72
109550000	-40.72
109550000	-40.81
109600000	-40.81
109600000	-40.91
109650000	-40.91
109650000	-41.23
109700000	-41.23
109700000	-41.50
109750000	-41.50
109750000	-41.69
109800000	-41.69
109800000	-41.41
109850000	-41.41
109850000	-41.38
109900000	-41.38
109900000	-41.33
109950000	-41.33
109950000	-41.27
110000000	-41.27
110000000	-41.26
110050000	-41.26
110050000	-41.38
110100000	-41.38
110100000	-41.11
110150000	-41.11
110150000	-40.81
110200000	-40.81
110200000	-41.25
110250000	-41.25
110250000	-41.29
110300000	-41.29
110300000	-41.28
110350000	-41.28
110350000	-41.40
110400000	-41.40
110400000	-41.46
110450000	-41.46
110450000	-41.89
110500000	-41.89
110500000	-41.79
110550000	-41.79
110550000	-41.53
110600000	-41.53
110600000	-41.51
110650000	-41.51
110650000	-41.51
110700000	-41.51
110700000	-41.18
110750000	-41.18
110750000	-41.19
110800000	-41.19
110800000	-41.24
110850000	-41.24
110850000	-40.76
110900000	-40.76
110900000	-40.00
110950000	-40.00
110950000	-39.02
111000000	-39.02
111000000	-38.20
111050000	-38.20
111050000	-38.31
111100000	-38.31
111100000	-38.24
111150000	-38.24
111150000	-38.38
111200000	-38.38
111200000	-39.61
111250000	-39.61
111250000	-39.59
111300000	-39.59
111300000	-39.79
111350000	-39.79
111350000	-39.79
111400000	-39.79
111400000	-39.47
111450000	-39.47
111450000	-39.90
111500000	-39.90
111500000	-39.91
111550000	-39.91
111550000	-39.49
111600000	-39.49
111600000	-39.12
111650000	-39.12
111650000	-38.98
111700000	-38.98
111700000	-38.69
111750000	-38.69
111750000	-38.27
111800000	-38.27
111800000	-38.80
111850000	-38.80
111850000	-39.02
111900000	-39.02
111900000	-38.83
111950000	-38.83
111950000	-38.98
112000000	-38.98
112000000	-39.01
112050000	-39.01
112050000	-38.85
112100000	-38.85
112100000	-38.41
112150000	-38.41
112150000	-37.73
112200000	-37.73
112200000	-37.90
112250000	-37.90
112250000	-38.27
112300000	-38.27
112300000	-37.91
112350000	-37.91
112350000	-37.80
112400000	-37.80
112400000	-37.91
112450000	-37.91
112450000	-37.86
112500000	-37.86
112500000	-38.13
112550000	-38.13
112550000	-37.74
112600000	-37.74
112600000	-37.62
112650000	-37.62
112650000	-37.32
112700000	-37.32
112700000	-37.41
112750000	-37.41
112750000	-37.29
112800000	-37.29
112800000	-37.40
112850000	-37.40
112850000	-37.26
112900000	-37.26
112900000	-37.28
112950000	-37.28
112950000	-37.35
113000000	-37.35
113000000	-37.37
113050000	-37.37
113050000	-37.50
113100000	-37.50
113100000	-37.73
113150000	-37.73
113150000	-37.14
113200000	-37.14
113200000	-36.98
113250000	-36.98
113250000	-37.07
113300000	-37.07
113300000	-37.20
113350000	-37.20
113350000	-37.33
113400000	-37.33
113400000	-37.20
113450000	-37.20
113450000	-37.05
113500000	-37.05
113500000	-37.75
113550000	-37.75
113550000	-37.92
113600000	-37.92
113600000	-37.52
113650000	-37.52
113650000	-37.62
113700000	-37.62
113700000	-37.22
113750000	-37.22
113750000	-37.27
113800000	-37.27
113800000	-37.07
113850000	-37.07
113850000	-37.36
113900000	-37.36
113900000	-37.02
113950000	-37.02
113950000	-37.29
114000000	-37.29
114000000	-37.31
114050000	-37.31
114050000	-36.81
114100000	-36.81
114100000	-37.46
114150000	-37.46
114150000	-37.53
114200000	-37.53
114200000	-37.18
114250000	-37.18
114250000	-37.07
114300000	-37.07
114300000	-37.28
114350000	-37.28
114350000	-37.33
114400000	-37.33
114400000	-37.25
114450000	-37.25
114450000	-37.03
114500000	-37.03
114500000	-37.29
114550000	-37.29
114550000	-37.13
114600000	-37.13
114600000	-37.20
114650000	-37.20
114650000	-37.25
114700000	-37.25
114700000	-37.24
114750000	-37.24
114750000	-37.02
114800000	-37.02
114800000	-37.07
114850000	-37.07
114850000	-37.24
114900000	-37.24
114900000	-36.95
114950000	-36.95
114950000	-37.01
115000000	-37.01
115000000	-37.34
115050000	-37.34
115050000	-37.39
115100000	-37.39
115100000	-37.18
115150000	-37.18
115150000	-37.05
115200000	-37.05
115200000	-37.17
115250000	-37.17
115250000	-37.12
115300000	-37.12
115300000	-36.99
115350000	-36.99
115350000	-36.73
115400000	-36.73
115400000	-36.97
115450000	-36.97
115450000	-37.54
115500000	-37.54
115500000	-37.99
115550000	-37.99
115550000	-38.46
115600000	-38.46
115600000	-38.80
115650000	-38.80
115650000	-38.49
115700000	-38.49
115700000	-38.01
115750000	-38.01
115750000	-38.62
115800000	-38.62
115800000	-38.51
115850000	-38.51
115850000	-38.56
115900000	-38.56
115900000	-38.61
115950000	-38.61
115950000	-38.30
116000000	-38.30
116000000	-38.41
116050000	-38.41
116050000	-38.74
116100000	-38.74
116100000	-38.58
116150000	-38.58
116150000	-38.56
116200000	-38.56
116200000	-38.63
116250000	-38.63
116250000	-38.52
116300000	-38.52
116300000	-38.13
116350000	-38.13
116350000	-38.09
116400000	-38.09
116400000	-38.45
116450000	-38.45
116450000	-38.37
116500000	-38.37
116500000	-38.33
116550000	-38.33
116550000	-38.42
116600000	-38.42
116600000	-37.86
116650000	-37.86
116650000	-38.03
116700000	-38.03
116700000	-38.48
116750000	-38.48
116750000	-38.14
116800000	-38.14
116800000	-37.97
116850000	-37.97
116850000	-38.11
116900000	-38.11
116900000	-38.40
116950000	-38.40
116950000	-38.39
117000000	-38.39
117000000	-38.26
117050000	-38.26
117050000	-38.11
117100000	-38.11
117100000	-38.05
117150000	-38.05
117150000	-38.07
117200000	-38.07
117200000	-38.03
117250000	-38.03
117250000	-37.90
117300000	-37.90
117300000	-38.01
117350000	-38.01
117350000	-38.00
117400000	-38.00
117400000	-38.16
117450000	-38.16
117450000	-38.21
117500000	-38.21
117500000	-38.15
117550000	-38.15
117550000	-38.00
117600000	-38.00
117600000	-37.74
117650000	-37.74
117650000	-37.35
117700000	-37.35
117700000	-37.72
117750000	-37.72
117750000	-37.81
117800000	-37.81
117800000	-37.69
117850000	-37.69
117850000	-37.67
117900000	-37.67
117900000	-37.39
117950000	-37.39
117950000	-37.27
118000000	-37.27
118000000	-37.42
118050000	-37.42
118050000	-37.52
118100000	-37.52
118100000	-37.70
118150000	-37.70
118150000	-37.63
118200000	-37.63
118200000	-37.75
118250000	-37.75
118250000	-37.88
118300000	-37.88
118300000	-37.88
118350000	-37.88
118350000	-37.78
118400000	-37.78
118400000	-37.68
118450000	-37.68
118450000	-37.59
118500000	-37.59
118500000	-37.32
118550000	-37.32
118550000	-36.92
118600000	-36.92
118600000	-37.26
118650000	-37.26
118650000	-37.17
118700000	-37.17
118700000	-37.48
118750000	-37.48
118750000	-37.31
118800000	-37.31
118800000	-37.12
118850000	-37.12
118850000	-37.30
118900000	-37.30
118900000	-37.51
118950000	-37.51
118950000	-37.20
119000000	-37.20
119000000	-36.70
119050000	-36.70
119050000	-36.82
119100000	-36.82
119100000	-36.99
119150000	-36.99
119150000	-36.98
119200000	-36.98
119200000	-36.95
119250000	-36.95
119250000	-36.35
119300000	-36.35
119300000	-36.68
119350000	-36.68
119350000	-36.69
119400000	-36.69
119400000	-35.85
119450000	-35.85
119450000	-35.80
119500000	-35.80
119500000	-35.70
119550000	-35.70
119550000	-35.60
119600000	-35.60
119600000	-35.65
119650000	-35.65
119650000	-35.45
119700000	-35.45
119700000	-35.49
119750000	-35.49
119750000	-35.35
119800000	-35.35
119800000	-34.88
119850000	-34.88
119850000	-34.68
119900000	-34.68
119900000	-34.93
119950000	-34.93
119950000	-35.01
120000000	-35.01
120000000	-34.74
120050000	-34.74
120050000	-34.81
120100000	-34.81
120100000	-34.72
120150000	-34.72
120150000	-34.52
120200000	-34.52
120200000	-34.41
120250000	-34.41
120250000	-34.32
120300000	-34.32
120300000	-34.61
120350000	-34.61
120350000	-34.48
120400000	-34.48
120400000	-34.29
120450000	-34.29
120450000	-34.35
120500000	-34.35
120500000	-34.32
120550000	-34.32
120550000	-34.20
120600000	-34.20
120600000	-34.18
120650000	-34.18
120650000	-34.03
120700000	-34.03
120700000	-33.95
120750000	-33.95
120750000	-33.81
120800000	-33.81
120800000	-33.54
120850000	-33.54
120850000	-33.66
120900000	-33.66
120900000	-33.67
120950000	-33.67
120950000	-33.39
121000000	-33.39
121000000	-33.35
121050000	-33.35
121050000	-33.34
121100000	-33.34
121100000	-33.32
121150000	-33.32
121150000	-33.14
121200000	-33.14
121200000	-32.79
121250000	-32.79
121250000	-32.85
121300000	-32.85
121300000	-32.67
121350000	-32.67
121350000	-32.70
121400000	-32.70
121400000	-32.60
121450000	-32.60
121450000	-32.69
121500000	-32.69
121500000	-32.89
121550000	-32.89
121550000	-32.64
121600000	-32.64
121600000	-32.39
121650000	-32.39
121650000	-32.43
121700000	-32.43
121700000	-32.33
121750000	-32.33
121750000	-32.46
121800000	-32.46
121800000	-32.45
121850000	-32.45
121850000	-32.35
121900000	-32.35
121900000	-32.39
121950000	-32.39
121950000	-32.37
122000000	-32.37
122000000	-32.34
122050000	-32.34
122050000	-32.26
122100000	-32.26
122100000	-32.27
122150000	-32.27
122150000	-32.15
122200000	-32.15
122200000	-32.32
122250000	-32.32
122250000	-32.34
122300000	-32.34
122300000	-32.33
122350000	-32.33
122350000	-32.30
122400000	-32.30
122400000	-32.33
122450000	-32.33
122450000	-32.36
122500000	-32.36
122500000	-32.49
122550000	-32.49
122550000	-32.59
122600000	-32.59
122600000	-32.58
122650000	-32.58
122650000	-32.64
122700000	-32.64
122700000	-32.64
122750000	-32.64
122750000	-32.49
122800000	-32.49
122800000	-32.47
122850000	-32.47
122850000	-32.68
122900000	-32.68
122900000	-32.62
122950000	-32.62
